-4.243935,32.702137,-29.791365
-4.3152704,32.743557,-29.8652
-4.323777,32.866947,-29.794418
-4.5773134,32.8057,-29.796154
-4.5481935,32.63707,-29.690813
-4.490807,32.620205,-29.680279
-4.3216467,32.56439,-29.731869
-4.1413093,32.612938,-29.684383
-4.232223,32.617794,-29.521479
-4.2957883,32.67241,-29.452429
-4.356619,32.62374,-29.603796
-4.3627024,32.673004,-29.460777
-4.3633103,32.67793,-29.446474
-4.292647,32.85363,-29.383131
-4.2311063,32.92533,-29.376797
-4.0614166,32.986748,-29.376163
-4.1533947,32.99289,-29.428858
-3.9990568,33.101765,-29.434128
-4.256107,33.004276,-29.434654
-4.4452333,33.048656,-29.540108
-4.464146,33.053097,-29.708809
-4.411564,33.05354,-29.778437
-4.3518314,33.107716,-29.679886
-4.1824365,33.059002,-29.722788
-4.219971,32.945755,-29.674435
-4.332672,32.663662,-29.564085
-4.45289,32.41882,-29.658451
-4.464912,32.394333,-29.667887
-4.41164,32.391884,-29.66883
-4.569849,32.175003,-29.879839
-4.476608,32.207443,-29.848297
-4.4672837,32.048183,-29.792385
-4.4118776,32.14052,-29.734152
-4.4608107,32.20388,-29.728329
-4.465704,32.047714,-29.83326
-4.357131,32.140358,-29.843754
-4.237326,32.312126,-29.792046
-4.2253456,32.49181,-29.997791
-4.1151996,32.618153,-29.860207
-4.104185,32.630787,-29.899092
-4.1030836,32.686295,-29.90298
-4.1574473,32.90848,-29.745213
-4.053936,32.984947,-29.62392
-4.1525326,33.046837,-29.559147
-4.216866,32.944767,-29.447157
-4.2232995,32.88043,-29.330442
-4.2239428,32.982372,-29.266014
-4.550965,32.77593,-29.206814
-4.529193,32.59278,-29.306293
-4.58149,32.574463,-29.2636
-4.5867195,32.626762,-29.417486
-4.423821,32.523617,-29.538391
-4.353057,32.621563,-29.603237
-4.3459806,32.63136,-29.504208
-4.345273,32.52396,-29.494305
-4.1817803,32.729744,-29.440557
-4.0564837,32.85858,-29.540697
-3.9894803,32.817337,-29.603468
-3.9283059,32.704838,-29.609745
-3.9767768,32.74772,-29.610373
-3.92715,32.914513,-29.505035
-3.8132396,32.93119,-29.441746
-3.8563225,32.98699,-29.277258
-3.9695785,33.100945,-29.049896
-4.035378,33.004078,-29.02716
-4.0964317,32.723625,-29.1304
-4.102537,32.74971,-29.298882
-4.0486736,32.69819,-29.315731
-4.0977616,32.693035,-29.370056
-4.266092,32.74665,-29.480888
-4.228451,32.86039,-29.650131
-4.1156244,32.92601,-29.719812
-4.2132897,32.715935,-29.72678
-4.2230563,32.694927,-29.938393
-4.2785068,32.638695,-30.01231
-4.229578,32.63307,-30.072458
-4.1157374,32.578262,-30.183874
-4.1043534,32.735287,-30.142258
-4.2666364,32.859367,-30.032696
-4.3373384,32.763515,-30.02174
-4.398883,32.537292,-29.968
-4.4596257,32.46054,-29.962627
-4.5201735,32.452866,-29.909334
-4.4717546,32.560356,-29.851248
-4.4669127,32.67948,-29.898195
-4.4119544,32.691395,-29.744734
-4.406459,32.421818,-29.782145
-4.4603834,32.503124,-29.785885
-4.5202494,32.72789,-29.733503
-4.4172883,32.804497,-29.781021
-4.2435703,32.758026,-29.83853
-4.2261987,32.69925,-29.89704
-4.2789354,32.801746,-29.955532
-3.9572515,32.75775,-29.85598
-4.034031,32.69911,-29.687868
-3.987235,32.58498,-29.618301
-3.8191338,32.68183,-29.663986
-3.8023236,32.58314,-29.615797
-3.9095902,32.68153,-29.663622
-3.920317,32.58311,-29.721046
-1.3102248,32.78179,-29.606926
-1.8778486,33.08649,-29.879944
-4.65922,34.84948,-29.80173
-6.9184446,35.22548,-30.186785
-6.877605,35.155964,-30.496973
-7.1249475,35.103462,-30.496407
-7.5388956,35.15292,-30.475178
-7.737761,35.413864,-30.229525
-7.7210264,35.52499,-30.138124
-7.6519475,35.5567,-30.192616
-7.618832,35.523483,-30.248648
-7.669995,35.57429,-30.201492
-7.566163,35.79589,-30.354935
-7.55578,35.65566,-30.053848
-7.6636896,35.69577,-29.9711
-7.7289543,35.591522,-29.962824
-7.8989024,35.581097,-29.856596
-7.8069496,35.58005,-29.845974
-7.7977543,35.471684,-29.897669
-7.851309,35.40672,-30.008238
-7.965612,35.29196,-29.966537
-8.249412,35.334618,-29.856968
-8.386739,35.338882,-29.793367
-8.454946,35.447567,-29.945164
-8.461766,35.40431,-29.854944
-8.516923,35.508244,-29.951323
-8.522438,35.626896,-29.908203
-8.52299,35.855286,-29.798376
-8.414097,35.769863,-29.84015
-8.348734,35.81545,-29.738813
-8.287724,35.928272,-29.570524
-8.39057,35.939552,-29.395536
-8.509803,35.99481,-29.430796
-8.194883,35.892075,-29.434322
-8.163391,35.82767,-29.487316
-8.160242,35.82123,-29.387215
-8.105453,35.820587,-29.482605
-7.991026,35.874653,-29.492144
-7.870636,35.825928,-29.651257
-7.9130707,35.76693,-29.77268
-7.917314,35.86929,-29.890224
-7.9722123,35.771263,-30.112894
-7.977702,35.6532,-30.187918
-7.978251,35.53313,-30.406334
-7.814884,35.629383,-30.533577
-7.8530216,35.747272,-30.651701
-7.8023615,35.81319,-30.61087
-7.7428217,35.873913,-30.65943
-7.6278057,35.988247,-30.717043
-7.670778,35.837288,-30.722803
-7.675075,35.876324,-30.670624
-7.6755047,35.717834,-30.718048
-7.5120115,35.70199,-30.617392
-7.550136,35.808662,-30.554567
-7.4994745,35.873463,-30.548285
-7.4399347,35.934074,-30.442257
-7.4884543,35.83187,-30.273497
-7.5477805,35.82165,-30.203978
-7.390177,35.87476,-30.249668
-7.319943,35.717678,-30.09608
-7.476455,35.701973,-30.027964
-7.383159,35.80866,-29.96851
-7.591725,35.71107,-29.962564
-7.3946857,35.80957,-30.014727
-7.42957,35.927685,-30.125343
-7.4330587,35.939495,-30.136406
-7.3789334,35.994804,-30.190155
-7.3190475,36.1086,-30.24817
-7.313059,36.228237,-30.253973
-7.2035117,36.131943,-30.359953
-7.519515,36.06818,-30.265152
-7.605589,36.061806,-30.30843
-7.559723,36.007034,-30.207357
-7.6096096,36.05569,-30.30265
-7.3967032,36.222946,-30.364937
-7.7022557,36.077282,-30.265764
-7.787285,35.900322,-30.20309
-7.68684,35.93676,-30.24958
-7.7312694,35.832138,-30.201586
-7.6812387,35.659286,-30.249544
-7.785183,35.479607,-30.307096
-7.9045253,35.353382,-30.312853
-7.698564,35.34076,-30.418827
-7.677968,35.447754,-30.376669
-7.621434,35.296062,-30.477854
-7.615781,35.226765,-30.382572
-7.6696897,35.111572,-30.320284
-7.457185,35.262444,-30.3667
-7.4359345,35.27753,-30.318697
-7.4338093,35.17078,-30.313898
-7.488071,35.214237,-30.36606
-7.547971,35.218582,-30.265877
-7.445013,35.273148,-30.25586
-7.4891915,35.495125,-30.254856
-7.4936094,35.463192,-30.149357
-7.494051,35.405872,-30.40248
-7.439507,35.5084,-30.32239
-7.4885263,35.51865,-30.31438
-7.4389544,35.519676,-30.366337
-7.379523,35.57391,-30.424292
-7.9103203,33.281372,-30.483932
-7.808549,33.44578,-30.354397
-7.810426,33.57758,-30.215769
-7.5586457,33.683044,-30.101364
-7.386738,33.769096,-30.065218
-7.3563347,33.894756,-30.041014
-6.8629146,34.66526,-29.352978
-6.696843,34.7858,-29.390835
-6.831183,34.739376,-29.526913
-6.7616477,34.75785,-29.600489
-6.689806,34.788425,-29.52602
-6.7338915,34.749134,-29.545124
-6.651668,34.732964,-29.528496
-6.4286404,34.68328,-29.602133
-6.3518634,34.73244,-29.662256
-6.562196,34.79149,-29.668268
-6.746765,34.743263,-29.61611
-6.819696,34.792572,-29.452623
-6.717927,34.90576,-29.594545
-6.48974,34.862953,-29.608738
-6.3579736,34.858673,-29.504757
-6.5628066,34.912373,-29.336203
-6.692353,35.026005,-29.477505
-6.541771,35.03737,-29.438877
-6.690249,35.092632,-29.382257
-6.650623,35.26055,-29.218437
-6.537598,35.331474,-29.096542
-6.362759,35.23031,-29.084352
-6.236328,35.382584,-29.030375
-6.114737,35.343678,-29.235893
-6.1025777,35.285656,-29.256445
-6.1558356,35.442245,-29.1531
-6.1611614,35.403778,-29.142765
-5.943684,35.3458,-29.299889
-5.867348,35.23174,-29.157444
-5.8597145,35.274464,-29.1432
-5.858951,35.170475,-29.24729
-6.0222964,35.051815,-29.415855
-6.038631,34.985817,-29.643627
-6.149327,35.14161,-29.771805
-6.21487,35.103058,-29.83738
-6.2214246,35.045074,-29.791294
-6.331142,35.093403,-29.892084
-6.451176,35.04411,-30.060322
-6.4085913,35.2557,-30.077147
-6.240911,35.27686,-29.973429
-6.387679,35.278973,-30.068571
-6.45683,35.170925,-30.078085
-6.245735,35.26838,-30.02628
-6.388161,35.278126,-29.862942
-6.3479304,35.22497,-29.741209
-6.2894335,35.165527,-29.781792
-6.3380575,35.051323,-29.89125
-6.34292,34.985767,-29.84944
-6.2889323,34.979214,-29.6871
-6.174471,34.924427,-29.670866
-6.163025,34.97308,-29.616486
-6.2708282,34.923813,-29.663803
-6.172661,34.918884,-29.668535
-6.162844,34.918392,-29.827168
-6.1618624,34.864216,-29.948431
-6.0528164,34.804665,-30.06607
-6.1509743,34.74458,-30.025078
-6.16079,34.7927,-29.915579
-6.0528235,34.959908,-29.799229
-5.9874387,35.08489,-29.787594
-5.926312,35.151516,-29.839186
-5.920199,35.15818,-29.738945
-6.0286503,34.94232,-29.62341
-6.203031,34.92074,-29.559095
-6.2749434,34.91858,-29.499908
-6.2276607,34.972496,-29.49399
-6.3319945,34.923756,-29.440754
-6.342428,35.135403,-29.488073
-6.452419,35.264828,-29.492805
-6.463418,35.27777,-29.387764
-6.573466,35.224937,-29.37726
-6.639059,35.11139,-29.428968
-6.5911446,34.937645,-29.48678
-6.586353,34.866142,-29.439806
-6.585874,34.91312,-29.540623
-6.6403,35.02608,-29.497946
-6.5912685,34.983246,-29.388165
-6.640839,35.033092,-29.271788
-6.70027,35.092205,-29.20739
-6.706213,34.989857,-29.09555
-6.59786,34.87136,-29.084366
-6.5324364,34.859512,-29.188763
-6.3623576,34.804195,-29.357359
-6.2907615,34.852795,-29.37422
-6.4471383,34.965916,-29.323263
-6.4627757,35.193752,-29.423569
-6.4098654,35.162403,-29.539
-6.1865644,35.159267,-29.656055
-6.0006986,35.267216,-29.826033
-6.091174,35.11562,-29.84303
-6.0457478,35.15459,-29.791973
-6.041205,35.104355,-29.945024
-6.2041726,35.207596,-30.06573
-6.2204695,35.001396,-30.025043
-7.616516,32.33745,-32.844765
-7.4653716,32.381504,-32.80371
-7.4039774,32.39779,-32.63694
-7.366985,32.298847,-32.617332
-7.434631,32.12432,-32.432396
-7.576616,32.145958,-32.35581
-7.6233535,32.034023,-32.302963
-7.392447,32.191517,-32.32484
-7.414438,32.227177,-32.406803
-7.345257,32.301468,-32.428722
-7.120329,32.20052,-32.37816
-7.043362,32.24467,-32.320343
-7.1672726,32.21544,-32.366516
-7.243293,32.211716,-32.41737
-7.196421,32.319603,-32.475212
-7.13726,32.38464,-32.533752
-7.07687,32.445274,-32.592365
-6.961883,32.451336,-32.650986
-6.841437,32.61445,-32.709602
-6.938454,32.57663,-32.768223
-7.057104,32.57285,-32.66857
-7.0143805,32.57247,-32.658604
-7.11917,32.73494,-32.657608
-7.129649,32.69694,-32.60475
-7.239645,32.8014,-32.49395
-7.0871086,32.811848,-32.482872
-7.0718546,32.758762,-32.481762
-7.070329,32.753456,-32.32338
-7.015703,32.807167,-32.4657
-7.0102406,32.86667,-32.479927
-7.064168,32.81849,-32.428596
-7.1785088,32.81367,-32.317947
-6.972047,32.758945,-32.4124
-7.060463,32.807602,-32.474598
-7.0148306,32.812466,-32.48082
-7.1192155,32.92133,-32.48144
-6.9117584,32.823956,-32.58702
-7.0545483,32.922478,-32.49206
-7.0142393,32.93233,-32.482567
-7.010208,32.933315,-32.58713
-7.118753,32.87917,-32.492188
-7.1296077,32.927887,-32.37718
-7.130693,32.93276,-32.365677
-7.1308017,32.824867,-32.31177
-7.2397604,32.868324,-32.253624
-7.196182,32.87267,-32.19505
-7.191824,32.873104,-32.40011
-7.0278525,32.819016,-32.526127
-7.0659294,32.813606,-32.433216
-7.1242104,32.650562,-32.529438
-7.239101,32.68839,-32.38079
-7.196002,32.7463,-32.313168
-7.028156,32.806335,-32.306404
-6.9568973,32.81234,-32.516644
-6.840709,32.921204,-32.590424
-6.6655545,33.094597,-32.65056
-6.539091,33.05769,-32.603813
-6.6353927,32.999866,-32.59914
-6.75397,33.048218,-32.545918
-6.983838,33.215443,-32.540596
-7.006825,33.286297,-32.487305
-6.8457017,33.34763,-32.42922
-6.8840637,33.137123,-32.634438
-6.996962,33.007698,-32.65496
-7.117314,32.88638,-32.657013
-7.129349,32.874245,-32.604576
-7.239615,32.87303,-32.493816
-7.3597035,32.764652,-32.482742
-7.426186,32.80806,-32.58715
-7.3783607,32.86653,-32.650345
-7.373578,32.655743,-32.551266
-7.046142,32.526398,-32.594
-6.958925,32.459335,-32.756546
-7.004677,32.45263,-32.667286
-6.9003043,32.722725,-32.65836
-6.7808046,32.912243,-32.657467
-6.823329,33.0937,-32.65738
-6.8820553,33.057713,-32.657368
-6.9424014,33.054115,-32.762886
-6.9484363,33.053753,-32.93159
-6.8399777,33.05372,-32.79019
-6.992553,32.89121,-32.61778
-6.898863,33.037464,-32.600536
-7.05303,32.997963,-32.44066
-6.959385,32.99401,-32.319153
-6.895546,32.93937,-32.465275
-6.889162,32.82564,-32.42713
-6.9975863,32.81427,-32.47607
-7.0084286,32.867264,-32.480965
-6.9004507,32.81843,-32.481457
-6.8896527,32.651043,-32.37599
-6.8340993,32.68844,-32.260044
-6.99208,32.692177,-32.406723
-6.8989305,32.69255,-32.579662
-6.9985633,32.69259,-32.438683
-6.953938,32.692593,-32.477345
-7.1674857,32.800854,-32.42845
-7.134252,32.865925,-32.42356
-7.29435,32.764053,-32.31756
-7.255886,32.591362,-32.2542
-13.64983,29.573822,-28.06594
-14.41285,29.370804,-27.784582
-13.536088,30.076744,-27.440933
-12.160379,31.144918,-27.414236
-10.9982195,31.462767,-27.9832
-10.600249,31.384802,-28.192415
-10.567089,31.329626,-28.22009
-10.595702,31.267004,-28.280306
-10.388107,31.457922,-28.514524
-10.126106,31.485826,-28.60432
-10.15438,31.380241,-28.7187
-10.320744,31.369682,-28.730139
-10.228432,31.53102,-28.678526
-10.164612,31.655529,-28.88428
-10.212705,31.722109,-28.957611
-10.271988,31.51213,-29.0177
-10.168854,31.491133,-28.970953
-10.104066,31.543163,-28.966278
-10.152061,31.602612,-28.913054
-10.21145,31.554426,-28.907732
-10.217388,31.3871,-28.696285
-10.435992,31.4245,-28.78054
-10.566915,31.48237,-28.736208
-10.416471,31.488157,-28.52086
-10.401426,31.54298,-28.39381
-10.290975,31.548464,-28.275705
-10.225455,31.549011,-28.263895
-10.218903,31.711573,-28.104443
-10.1637745,31.619568,-27.930225
-10.103787,31.610367,-27.96556
-10.097789,31.555202,-28.127367
-9.988127,31.874584,-28.09079
-9.97716,31.906523,-28.13989
-9.812528,32.01809,-28.092157
-9.796064,31.920986,-28.192898
-9.848892,31.965406,-28.36113
-9.854175,32.02398,-28.43071
-9.963651,31.975592,-28.332153
-9.865651,32.024883,-28.269539
-9.69243,31.975681,-28.368793
-9.838643,32.07902,-28.484234
-9.907739,32.089355,-28.548534
-10.023596,32.198765,-28.44945
-10.035181,31.99307,-28.43954
-9.981866,31.9725,-28.385794
-9.867587,31.753807,-28.274904
-9.856159,31.840199,-28.36933
-9.691594,31.848839,-28.484287
-9.729612,31.633066,-28.601297
-9.788002,31.557356,-28.771269
-9.739367,31.60403,-28.788267
-9.843451,31.608698,-28.895481
-9.853859,31.609165,-28.853447
-9.963848,31.609211,-28.796484
-9.974847,31.555086,-28.896303
-10.03042,31.495544,-28.906286
-10.035977,31.597965,-28.960041
-10.254429,31.716469,-28.965416
-10.167212,31.674187,-28.913197
-10.212964,31.669958,-28.960732
-10.326602,31.832043,-29.018244
-10.283378,31.79412,-28.865723
-10.388002,31.84446,-28.85047
-10.343991,31.741117,-28.743431
-10.230528,31.622522,-28.785482
-10.110233,31.556532,-28.789688
-10.098204,31.549932,-28.684595
-10.042528,31.711779,-28.7796
-10.036961,31.673717,-28.7891
-9.872982,31.832418,-28.842808
-9.911057,31.794159,-28.742664
-9.969339,31.844578,-28.627134
-9.811631,31.795374,-28.562824
-9.9049225,31.898714,-28.503637
-9.914251,31.854918,-28.497719
-10.024133,31.958914,-28.549883
-10.089594,32.13182,-28.607857
-10.150615,32.203243,-28.50814
-9.993295,32.10201,-28.550926
-10.195573,31.929379,-28.555204
-10.161326,31.96636,-28.608389
-10.103429,31.861797,-28.613707
-10.043164,32.067978,-28.561481
-9.982664,32.088593,-28.55626
-10.085562,31.928267,-28.502981
-9.98679,31.912233,-28.708681
-9.9769125,31.91063,-28.676495
-9.921451,31.856224,-28.620518
-9.806957,31.850784,-28.61492
-9.741034,31.958614,-28.61436
-9.8433895,32.02353,-28.561548
-9.635614,31.97589,-28.50351
-9.778259,31.808619,-28.550463
-9.955945,31.791891,-28.502401
-10.028187,31.73609,-28.708624
-10.14436,31.730509,-28.729246
-10.047029,31.892342,-28.67855
-9.982822,31.96277,-28.620724
-10.085349,31.807306,-28.773212
-10.041127,31.846006,-28.841219
-7.7961273,31.733866,-30.794937
-7.367748,31.727999,-31.254047
-7.1177716,31.760485,-31.586403
-6.687424,31.684082,-31.909403
-6.3732786,31.662136,-32.342705
-6.203963,31.823364,-32.403545
-5.764973,31.90655,-32.486073
-5.5392275,31.930088,-32.580387
-5.338354,31.987144,-32.62301
-5.3350897,31.781822,-32.68163
-5.363145,31.79585,-32.58037
-5.202414,32.06802,-32.464733
-5.030244,32.14273,-32.47983
-4.7951307,32.25846,-32.481342
-4.6080837,32.270035,-32.481495
-4.4259577,32.37957,-32.639668
-4.298797,32.390522,-32.497326
-4.3950286,32.17498,-32.430336
-4.404652,32.207672,-32.265366
-4.4056144,32.048435,-32.19611
-4.460184,31.815874,-32.189186
-4.3566933,32.009254,-32.24125
-4.346344,31.974348,-32.404728
-4.3453093,31.75422,-32.52659
-4.39968,31.677961,-32.538776
-4.6230125,31.72458,-32.645393
-4.481924,31.729242,-32.656055
-4.576763,31.83797,-32.604366
-4.6951942,31.740469,-32.704712
-4.7070374,31.839094,-32.87302
-4.708222,31.848955,-32.942604
-4.599393,32.066578,-32.949562
-4.697572,32.1966,-33.003017
-4.70739,32.209602,-33.00836
-4.6538982,32.31928,-32.95614
-4.7574964,32.330246,-32.950916
-4.876804,32.331345,-32.89764
-4.834261,32.27721,-32.83967
-5.1569643,32.217663,-32.886627
-5.2981825,32.049206,-32.83868
-5.1488824,32.08649,-32.675617
-4.970531,32.090218,-32.55379
-4.898222,31.928085,-32.54161
-4.836517,31.911873,-32.59315
-4.7758727,31.910252,-32.545547
-4.93323,31.91009,-32.382515
-4.9489655,31.801695,-32.260696
-4.950539,31.736727,-32.195755
-5.005285,31.567837,-32.24202
-4.956286,31.496819,-32.088375
-4.733376,31.435585,-32.07301
-4.7655587,31.591969,-31.860447
-4.768777,31.499346,-31.944704
-4.8235726,31.490084,-31.847616
-4.8835263,31.54329,-31.890663
-4.998469,31.440233,-31.894968
-5.0099635,31.267534,-31.842642
-5.0111127,31.304398,-31.83741
-5.065702,31.308083,-31.995157
-5.071161,31.416826,-31.905418
-4.7992225,31.590092,-31.843687
-4.772029,31.661549,-31.89027
-4.7148356,31.885332,-31.89493
-4.6546426,31.79945,-31.948153
-4.812045,31.844992,-31.847961
-4.882259,31.849546,-31.943455
-4.7258587,31.90413,-31.84749
-4.7102184,31.963835,-31.837894
-4.436171,32.078068,-31.942448
-4.2998185,31.926983,-32.00566
-4.177235,31.857744,-31.906467
-3.9470813,31.688314,-32.107464
-4.1419616,31.725616,-32.233078
-4.270397,31.729347,-32.24564
-4.3377147,31.621346,-32.194138
-4.235499,31.664675,-32.294502
-4.061856,31.831514,-32.357296
-4.0444913,31.793953,-32.46909
-4.0972285,31.898573,-32.63854
-4.0480285,31.85479,-32.60273
-4.261004,31.958788,-32.651905
-4.3912497,32.07756,-32.70958
-4.622284,32.14357,-32.715347
-4.8632827,32.312675,-32.66328
-4.7784348,32.437847,-32.658077
-4.6610026,32.450363,-32.657555
-4.703733,32.451614,-32.6575
-4.8714275,32.45174,-32.657497
-4.942671,32.34338,-32.763012
-5.058743,32.332546,-32.66805
-5.124824,32.223083,-32.658554
-5.131432,32.21214,-32.710358
-5.1866813,32.1568,-32.662785
-5.1377325,32.151264,-32.605267
-5.132838,32.204956,-32.70503
-5.077874,32.156082,-32.66225
-5.072378,32.09706,-32.552456
-5.235364,32.09116,-32.594234
-5.1427155,31.98231,-32.70381
-5.1334505,31.863049,-32.66201
-9.477326,31.281065,-31.674189
-9.5769205,31.464365,-31.595001
-9.773648,31.562346,-31.71022
-9.77295,31.588852,-31.773012
-9.749306,31.635332,-31.795198
-9.676675,31.615149,-31.840675
-9.766572,31.59745,-31.866396
-9.75748,31.500923,-31.788744
-9.860712,31.449041,-31.762325
-9.979983,31.497986,-31.706924
-10.100858,31.448635,-31.8069
-10.202553,31.392773,-31.811289
-10.16191,31.370823,-31.728643
-10.1578455,31.314383,-31.773138
-10.266502,31.362984,-31.619429
-10.3318405,31.367844,-31.393145
-10.501911,31.151806,-31.370516
-10.682454,30.913681,-31.473766
-10.700508,30.943998,-31.378578
-10.756788,31.055292,-31.474573
-10.871478,31.12055,-31.53693
-10.719525,31.018816,-31.595922
-10.758804,30.954512,-31.44355
-10.708258,30.948082,-31.375557
-10.757677,31.164074,-31.527029
-10.926155,31.34818,-31.594933
-10.833941,31.204084,-31.548967
-10.770246,31.081415,-31.702526
-10.654814,31.28567,-31.665127
-10.479734,31.522617,-31.608627
-10.353164,31.492182,-31.76125
-10.3405075,31.489138,-31.723755
-10.23018,31.380571,-31.720005
-10.3280945,31.423847,-31.772388
-10.392474,31.374043,-31.830385
-10.398912,31.314932,-31.941698
-10.399556,31.038256,-32.05823
-10.18161,30.84808,-31.91161
-10.159816,30.937325,-31.949707
-9.994215,31.054508,-32.059032
-9.977654,30.957968,-32.069965
-10.084947,31.002443,-32.0183
-10.204738,31.006891,-31.907618
-10.162243,31.06158,-31.949306
-10.157993,31.067049,-32.006233
-10.048621,31.230103,-31.95917
-9.928621,31.246408,-31.901705
-9.807673,31.24804,-31.895958
-9.795579,31.410707,-31.737226
-9.848844,31.372845,-31.721354
-9.908644,31.369059,-31.66701
-10.078045,31.260418,-31.661575
-10.040512,31.41206,-31.713787
-9.982285,31.427225,-31.771767
-9.867399,31.37461,-31.830322
-10.019447,31.315105,-31.783419
-9.925704,31.363283,-31.673216
-9.970804,31.259727,-31.609436
-10.029788,31.303501,-31.655817
-10.090159,31.470385,-31.502184
-10.150671,31.432829,-31.48682
-10.156722,31.483202,-31.590797
-10.102853,31.379978,-31.653954
-10.042993,31.369656,-31.554754
-10.200542,31.368624,-31.544834
-10.216297,31.31439,-31.491085
-10.163399,31.417229,-31.380196
-9.885626,31.37338,-31.369106
-9.803374,31.423128,-31.420753
-9.795149,31.428102,-31.478678
-9.794327,31.4286,-31.537226
-9.685297,31.266144,-31.701353
-9.565446,31.141636,-31.770523
-9.498987,31.18343,-31.77744
-9.546815,31.295872,-31.778131
-9.660545,31.361246,-31.7782
-9.508382,31.259407,-31.830965
-9.438692,31.195095,-31.730726
-9.4861965,31.134531,-31.77346
-9.654369,31.182606,-31.883247
-9.671186,31.187414,-31.894226
-9.890878,31.079634,-31.842567
-9.858374,31.122986,-31.837402
-10.127606,31.181452,-31.784128
-10.209003,31.295559,-31.7788
-10.217144,31.252724,-31.831026
-10.163484,31.302687,-31.836248
-10.158117,31.470188,-31.836771
-10.15758,31.43281,-31.836823
-10.212001,31.591576,-31.836828
-10.054022,31.769958,-31.995098
-9.983749,31.679537,-31.905413
-10.140144,31.616364,-31.843687
-9.992248,31.610046,-31.995785
-10.031932,31.555285,-32.010994
-9.926838,31.658184,-32.012516
-9.807382,31.776848,-32.01267
-9.795436,31.84296,-31.90717
-9.848715,31.849571,-31.89662
-9.963105,31.741858,-31.94832
-7.5183105,41.18698,-30.80513
-7.2241516,41.55507,-30.73127
-6.867549,41.483616,-31.462143
-6.7665887,41.541428,-31.851841
-6.8219075,41.59051,-31.785343
-6.4070487,41.440765,-31.884241
-6.131981,41.228428,-31.815018
-5.7775354,41.342537,-31.816908
-5.6766458,41.332314,-31.824146
-5.4941587,41.313587,-32.003174
-5.6047287,41.351093,-32.011505
-5.3433022,41.354843,-32.065094
-5.0991497,41.409348,-32.070454
-4.911198,41.4148,-32.176506
-4.9469914,41.415344,-32.028954
-4.7325606,41.361267,-32.0142
-4.656644,41.355858,-32.06548
-4.867062,41.571842,-32.07061
-4.83363,41.647686,-32.07112
-4.9392343,41.65527,-32.07117
-4.8953214,41.65603,-32.12393
-4.9454036,41.656105,-32.07657
-4.732402,41.710243,-32.124588
-4.7111015,41.661526,-32.182144
-4.7089715,41.602524,-32.1879
-4.7632327,41.48836,-32.293995
-4.768659,41.53108,-32.357357
-4.878149,41.481216,-32.258183
-4.889098,41.47623,-32.248264
-4.7266574,41.31334,-32.194515
-4.928423,41.40531,-32.241898
-5.1121354,41.46864,-32.299393
-5.2394543,41.583233,-32.199627
-5.2521863,41.648823,-32.18965
-5.416996,41.601254,-32.083138
-5.8149085,41.596497,-32.125244
-6.018235,41.541775,-32.287727
-6.202104,41.644566,-32.251217
-6.111429,41.654846,-32.247566
-6.1023617,41.655872,-32.40536
-5.9923925,41.54771,-32.42114
-6.0358696,41.536896,-32.528233
-5.985629,41.37331,-32.486183
-5.980605,41.24869,-32.429222
-5.816681,41.1821,-32.47628
-5.854762,41.175438,-32.480988
-5.695034,41.228905,-32.534218
-5.352104,41.39664,-32.53954
-5.372285,41.57592,-32.64547
-5.047345,41.59385,-32.656063
-5.178387,41.649773,-32.762524
-5.245965,41.655365,-32.66777
-5.3617854,41.655926,-32.658295
-5.2644196,41.81837,-32.604588
-5.363745,42.051254,-32.599216
-5.2646155,42.02041,-32.65144
-5.2002287,41.963196,-32.70942
-5.19379,41.903343,-32.76786
-5.193146,41.734966,-32.82646
-5.302029,41.609867,-32.93772
-5.0949078,41.65149,-32.79069
-5.237617,41.54739,-32.828747
-5.088352,41.374588,-32.72715
-4.85553,41.57383,-32.769745
-4.614238,41.702015,-32.87952
-4.8625927,41.552444,-32.8905
-4.5604706,41.429222,-32.891598
-4.530258,41.47103,-32.838947
-4.799721,41.583473,-32.780926
-4.826667,41.64885,-32.82788
-4.883836,41.70952,-32.77982
-4.780605,41.715584,-32.61686
-4.770282,41.66206,-32.705963
-4.823723,41.656708,-32.71487
-4.7201195,41.710304,-32.821163
-4.9276547,41.661533,-32.779034
-5.1118298,41.710785,-32.72206
-5.0211854,41.76984,-32.716366
-5.1755424,41.775745,-32.926712
-5.245452,41.722206,-33.05326
-5.088907,41.60859,-33.118675
-5.1823144,41.59723,-32.861546
-5.246129,41.650223,-32.83583
-5.3614583,41.547264,-32.938774
-5.318517,41.37446,-32.896423
-5.2597494,41.30305,-32.786674
-5.2538724,41.350037,-32.564785
-5.198811,41.30061,-32.595356
-5.1388307,41.241535,-32.70381
-5.078359,41.181496,-32.76741
-5.072312,41.22962,-32.773773
-4.9627595,41.288567,-32.774406
-5.060752,41.24033,-32.82723
-5.015963,41.28964,-32.990784
-4.9570103,41.348698,-33.11265
-4.951115,41.354603,-33.23024
-5.004999,41.46357,-33.083725
-5.1194496,41.582726,-33.121834
-5.185369,41.594643,-33.283916
-5.2464347,41.595833,-33.247368
-6.456415,36.201267,-31.779224
-6.2767067,35.544792,-31.666616
-6.0952,34.829464,-31.602596
-5.942009,34.182755,-31.454746
-5.735574,33.693275,-31.321402
-4.9114404,33.842426,-31.407057
-4.304888,34.249874,-31.275434
-4.2559056,34.259033,-31.173235
-4.424156,34.226532,-31.069405
-4.0080514,34.31861,-31.119675
-3.7647958,34.39431,-31.090485
-3.6879418,34.487026,-31.181978
-3.7892044,34.496296,-31.032969
-3.7993307,34.33483,-31.018068
-3.854817,34.426945,-30.805664
-3.9148395,34.490288,-30.731667
-3.9753158,34.496624,-30.671509
-4.144785,34.443123,-30.507338
-4.216206,34.38364,-30.438162
-4.168874,34.48596,-30.325844
-4.109667,34.49619,-30.525528
-3.9947987,34.49721,-30.545496
-3.9288378,34.443184,-30.600248
-3.9222417,34.32952,-30.447567
-3.867108,34.318153,-30.485056
-3.9160688,34.47941,-30.488806
-3.8120172,34.38727,-30.541822
-3.6926641,34.32393,-30.599882
-3.517307,34.371723,-30.605688
-3.4997714,34.21411,-30.65891
-3.4980178,34.19835,-30.558834
-3.4433687,34.250904,-30.812498
-3.38343,34.25616,-30.62695
-3.322962,34.364944,-30.502882
-3.2079675,34.429955,-30.490475
-3.250942,34.382324,-30.64739
-3.1462917,34.269302,-30.663082
-3.081353,34.20387,-30.875679
-3.074859,34.197327,-31.002455
-3.0197356,34.2508,-30.962376
-3.177645,34.093758,-30.905724
-3.0300143,34.240444,-30.952816
-2.8518295,34.255116,-31.16844
-2.888485,34.25658,-31.03173
-2.8376765,34.25673,-31.070704
-2.8870697,34.20261,-31.127357
-2.946483,34.14307,-31.238537
-2.952424,34.299507,-31.196898
-3.007492,34.477543,-31.350891
-3.067473,34.495346,-31.15526
-2.964523,34.60539,-31.135698
-3.063176,34.508133,-31.239256
-2.8551457,34.552536,-31.302256
-2.8343427,34.394585,-31.308556
-2.8867364,34.32466,-31.20367
-2.8919756,34.371796,-31.193182
-2.9469733,34.43064,-31.24489
-3.006947,34.382393,-31.250061
-2.9584706,34.377567,-31.092306
-2.8991492,34.32296,-31.023773
-2.838743,34.317497,-31.175077
-2.8871763,34.26282,-31.190208
-3.0009673,34.365612,-31.086208
-2.9578726,34.484154,-31.075808
-3.1169846,34.550137,-31.074768
-3.132896,34.664997,-31.021906
-3.1344872,34.730614,-31.069378
-3.025584,34.628914,-31.074125
-3.0146937,34.618744,-31.127356
-2.9591308,34.67186,-31.079922
-3.116996,34.7313,-31.180693
-3.1872566,34.683117,-31.243528
-3.1398087,34.570034,-30.933496
-3.08059,34.66699,-30.84985
-3.0746682,34.56842,-30.894243
-2.965014,34.558563,-30.793167
-2.7906268,34.50345,-30.835815
-2.8276618,34.49794,-30.89284
-2.9403133,34.497387,-30.845783
-3.0061667,34.55146,-30.893837
-2.903804,34.556866,-30.898642
-2.8390942,34.449146,-30.899122
-2.9415708,34.492508,-30.793655
-2.842871,34.659237,-30.730352
-2.833001,34.78417,-30.829422
-2.8320138,34.74253,-30.944729
-2.7774413,34.68424,-31.009016
-2.93552,34.570145,-31.068201
-3.1147494,34.667,-31.126879
-3.1326723,34.56842,-31.23826
-3.0799909,34.66683,-31.302156
-3.2381444,34.622536,-31.308546
-3.3084335,34.563976,-31.414698
-3.3154624,34.66638,-31.530828
-3.2072177,34.56836,-31.595198
-3.2508671,34.4503,-31.601635
-3.255232,34.38436,-31.549522
-3.3646162,34.377766,-31.491554
-3.4300287,34.377106,-31.222086
-3.327622,34.43117,-31.247894
18.97703,23.030317,-29.30612
19.087988,23.637108,-28.956308
18.961868,24.409037,-28.660631
18.554321,25.115997,-28.461689
17.184565,26.320118,-28.408836
14.205448,28.679909,-28.313372
10.779637,31.535212,-28.091766
7.0846243,34.736126,-27.951616
3.6455886,38.400635,-27.708261
-0.015384864,41.764755,-27.541563
-1.1058933,42.3471,-27.567122
-1.451608,42.446877,-27.501242
-1.6277429,42.28805,-27.337984
-1.7319881,42.268394,-27.325779
-1.8824884,42.27135,-27.275919
-1.9738705,42.25894,-27.214628
-2.1465447,42.365963,-27.155743
-2.2184005,42.376663,-26.991697
-2.225586,42.377735,-26.975294
-2.3352525,42.486103,-26.868254
-2.618703,42.55107,-26.96295
-2.6470478,42.6117,-26.972418
-2.8134186,42.455368,-26.815207
-2.8300557,42.223213,-26.852243
-2.668183,42.416523,-26.961348
-2.651996,42.327587,-26.866858
-2.5414295,42.372826,-26.804766
-2.4213104,42.37735,-26.8512
-2.354825,42.269543,-26.750443
-2.3481765,42.31289,-26.793009
-2.4565735,42.154835,-26.797266
-2.4129395,42.139027,-26.903091
-2.408576,42.191578,-27.01919
-2.4626136,42.088573,-27.0308
-2.3044813,42.294792,-27.084604
-2.234194,42.42368,-26.931826
-2.2816393,42.382435,-26.863907
-2.2863839,42.37831,-26.962515
-2.2868583,42.32377,-27.025017
-2.395968,42.318314,-27.084024
-2.406879,42.3719,-27.195326
-2.4624438,42.268997,-27.31197
-2.4135265,42.312836,-27.42915
-2.3541608,42.263092,-27.440866
-2.3482244,42.149853,-27.283768
-2.1840947,42.13853,-27.373571
-2.1676817,42.029137,-27.540825
-2.1115665,41.964066,-27.768463
-2.105955,42.011692,-27.84387
-2.0509198,42.23298,-27.851412
-2.0998902,42.255108,-27.799522
-2.0503132,42.311447,-27.847092
-2.0453556,42.31708,-27.746449
-1.8813239,42.425907,-27.525469
-1.8103324,42.599182,-27.50337
-1.8032333,42.61651,-27.553917
-1.8025234,42.67237,-27.61173
-1.9115145,42.840347,-27.564754
-2.0859497,42.857147,-27.5073
-2.048805,42.96709,-27.55431
-1.9906167,42.92395,-27.664526
-1.8757355,42.865505,-27.570148
-1.7007114,42.91379,-27.718866
-1.6286206,42.86449,-27.73374
-1.7303593,42.967823,-27.78787
-1.6860594,43.032284,-27.951439
-1.7362176,42.984604,-27.967796
-1.7412335,43.088097,-27.863918
-1.6871468,42.990185,-27.906288
-1.681738,42.92626,-27.857767
-1.6811972,42.91987,-27.7474
-1.6266693,42.91923,-27.52545
-1.6212164,42.865036,-27.450497
-1.7297333,42.913746,-27.495646
-1.7405851,42.810356,-27.50016
-1.7416703,42.85415,-27.447853
-1.632831,42.750267,-27.49538
-1.7854831,42.685745,-27.447374
-1.6916862,42.679295,-27.389818
-1.7912542,42.51626,-27.384062
-1.801211,42.554085,-27.33073
-1.6931444,42.612,-27.272753
-1.5188017,42.56366,-27.266956
-1.6104296,42.504696,-27.371777
-1.7286546,42.55293,-27.329502
-1.7404772,42.39536,-27.27263
-1.7961333,42.487865,-27.056028
-1.9107611,42.551247,-27.139883
-1.8131616,42.503452,-27.04287
-1.8578757,42.552803,-26.980524
-1.862347,42.50361,-26.921534
-1.7538464,42.66108,-26.915634
-1.6885225,42.73096,-26.862288
-1.6819901,42.737946,-26.909594
-1.7359252,42.792778,-26.967083
-1.6867304,42.85239,-26.920073
-1.6272225,42.804222,-26.757215
-1.4032619,42.853535,-26.84633
-1.3808658,42.912598,-26.907999
-1.21509,42.81024,-26.755894
-10.989622,26.324987,-23.45782
-11.877236,23.683449,-23.029947
-12.946871,21.091223,-22.40706
-13.98012,18.449797,-21.870184
-15.241701,15.707552,-21.333214
-16.012848,13.292824,-20.940199
-14.940862,12.255986,-20.87549
-14.175971,11.43739,-20.920061
-14.001292,11.116006,-21.185442
-14.557516,10.911176,-21.002785
-14.68455,10.969543,-20.944807
-14.642779,10.921249,-20.833494
-14.638602,10.91642,-20.76972
-14.58371,10.915936,-20.710587
-14.687169,10.753497,-20.493757
-14.643041,10.791384,-20.419317
-14.856638,10.632781,-20.306475
-14.8235235,10.508659,-20.242432
-14.7657385,10.496247,-20.18327
-14.814434,10.440875,-20.177355
-15.091787,10.272946,-20.01849
-14.955987,10.310285,-20.002604
-14.942407,10.259888,-20.001015
-14.9955225,10.417239,-19.895342
-14.891772,10.324714,-19.990175
-15.099292,10.315461,-19.999659
-15.229106,10.314536,-20.053364
-15.1876135,10.314444,-20.111492
-14.910981,10.530955,-20.275461
-14.774369,10.76913,-20.344616
-14.815183,10.847077,-20.351532
-14.873738,10.854873,-20.299465
-14.661584,10.801521,-20.347017
-14.640368,10.796186,-20.50993
-14.747194,10.741522,-20.578978
-14.812351,10.681926,-20.796911
-14.818867,10.838357,-20.871462
-14.928579,10.854,-20.82616
-14.830489,10.909695,-20.874271
-14.984102,10.861135,-20.879084
-14.999463,10.748016,-20.826807
-15.219009,10.520184,-20.663424
-15.240964,10.55153,-20.647085
-15.243159,10.392273,-20.698208
-15.352441,10.484609,-20.650564
-15.363369,10.493842,-20.48764
-15.146452,10.603026,-20.524107
-15.015813,10.668076,-20.316723
-15.166285,10.566319,-20.295984
-15.07227,10.502013,-20.346668
-14.8994465,10.549713,-20.299093
-14.82769,10.6627445,-20.347094
-14.874989,10.782309,-20.246492
-14.770657,10.848395,-20.236433
-14.651276,10.855004,-20.07727
-14.69381,11.018057,-20.061354
-14.589003,10.980231,-20.007118
-14.632995,10.976449,-20.107096
-14.473972,10.867809,-19.90618
-14.5670185,10.8028145,-19.780687
-14.358314,10.796315,-19.71538
-14.337443,10.903926,-19.603336
-14.4443035,10.806426,-19.644773
-14.291568,10.850807,-19.543404
-14.167347,10.801115,-19.638666
-14.263987,10.742015,-19.859106
-14.382599,10.7902355,-19.881151
-14.339986,10.795057,-19.936113
-14.444787,10.79554,-19.94161
-14.400793,10.795588,-19.83676
-14.614289,10.849724,-19.879032
-14.5266905,10.801006,-20.14693
-14.626879,10.687874,-20.120964
-14.636898,10.62243,-20.276638
-14.637899,10.832408,-20.397718
-14.801421,10.582752,-20.5681
-14.817774,10.6119175,-20.637896
-14.764821,10.7772255,-20.486717
-14.814114,10.685495,-20.524357
-14.873516,10.676323,-20.528122
-14.661447,10.783667,-20.79217
-14.531292,10.956792,-20.923975
-14.463802,10.919974,-21.095312
-14.511528,10.970423,-21.059689
-14.352879,11.083729,-21.16164
-14.337013,11.095059,-21.013563
-14.335427,11.042063,-20.893242
-14.226321,11.145023,-20.88121
-14.324358,11.155319,-20.774492
-14.334162,11.21048,-20.921976
-14.280554,11.215996,-20.831211
-14.166245,11.324808,-20.769377
-14.263762,11.227429,-20.65768
-14.273514,11.16356,-20.646511
-14.274488,11.211304,-20.592634
-14.383649,11.107817,-20.481733
-14.4490385,11.151599,-20.523401
-14.56464,11.155977,-20.633083
-14.521726,11.048154,-20.64405
-14.571908,11.091502,-20.434233
-8.770234,26.990913,-25.678808
-8.769327,27.018015,-25.629786
-8.707895,27.026333,-25.71758
-8.552178,27.00977,-25.631145
-8.341142,27.175884,-25.583591
-7.8926015,27.248114,-25.680689
-7.7371974,26.988003,-25.970436
-7.8051987,26.842058,-25.968397
-7.782473,26.847033,-25.914063
-7.7953067,26.856342,-25.9187
-7.851064,26.857273,-25.919163
-7.7476916,26.857367,-25.919209
-7.682881,26.965637,-25.866457
-7.6763997,27.030594,-25.913939
-7.6757517,27.091219,-25.707773
-7.675687,27.151413,-25.89807
-7.730154,27.157433,-25.969858
-7.5721793,27.158035,-26.029795
-7.6653295,27.320486,-26.035788
-7.5655823,27.390862,-25.98363
-7.6100817,27.235508,-25.978415
-7.6690054,27.05758,-25.977892
-7.620424,27.093918,-25.925081
-7.4520297,27.097551,-25.814287
-7.3807163,26.989655,-25.855965
-7.537007,26.870604,-25.860132
-7.5526357,26.750437,-25.966064
-7.3906627,26.846682,-25.818499
-7.156455,26.748045,-25.8565
-7.133034,26.738182,-26.018457
-7.1306925,26.628935,-26.034655
-7.23952,26.61801,-25.930758
-7.1414557,26.725178,-25.867613
-7.0771747,26.898287,-25.80854
-7.125221,26.753206,-25.96079
-7.2390876,26.738697,-26.028772
-7.304948,26.791378,-25.982813
-7.311534,26.742514,-25.92546
-7.3121924,26.84589,-25.919725
-7.421321,26.639706,-25.919151
-7.5957694,26.727346,-25.971737
-7.5587406,26.73611,-25.818838
-7.3916163,26.791119,-25.750792
-7.3749037,26.90488,-26.007658
-7.3732324,26.862127,-26.244259
-7.4275393,26.911982,-26.320677
-7.3240223,26.971098,-26.27556
-7.422618,26.868748,-26.37645
-7.378004,26.912643,-26.439297
-7.2645946,26.971165,-26.445581
-7.19878,26.922884,-26.498852
-7.1921988,27.02632,-26.60958
-7.1915402,26.982533,-26.620651
-7.1914744,27.032284,-26.674517
-7.1914682,26.983128,-26.574389
-7.1914673,26.978212,-26.617132
-7.354889,27.140114,-26.56865
-7.2622833,27.048042,-26.5638
-7.089487,27.201225,-26.510674
-6.908671,27.324806,-26.50536
-6.727053,27.391294,-26.452072
-6.7088914,27.452072,-26.6049
-6.707075,27.512281,-26.462027
-6.761368,27.572433,-26.342339
-6.7123227,27.57845,-26.22497
-6.816366,27.57905,-26.318634
-6.9357185,27.470848,-26.433516
-6.838591,27.4059,-26.128572
-6.665457,27.453533,-26.098078
-6.5390816,27.458296,-26.042273
-6.5809174,27.296381,-26.089334
-6.6396894,27.22606,-25.988642
-6.809103,27.056637,-25.978573
-6.7169824,27.202085,-25.872166
-6.653296,27.21663,-25.914282
-6.755875,27.218084,-25.918493
-6.7661333,27.27236,-26.07707
-6.603623,27.277788,-25.934772
-6.478424,27.440722,-25.920542
-6.5204926,27.565277,-26.024633
-6.579173,27.41534,-25.982399
-6.6941032,27.454477,-26.083576
-6.8691325,27.40426,-26.093695
-6.941109,27.39924,-26.094706
-6.948307,27.398737,-26.200207
-7.112563,27.290426,-26.105242
-7.183462,27.171335,-26.095745
-7.0816045,27.051165,-26.094795
-7.071419,26.930885,-26.200216
-7.2339363,26.972988,-26.210758
-7.250188,26.9772,-26.264568
-7.251813,26.761097,-26.164436
-7.1975017,26.847748,-26.101665
-7.137597,26.802282,-26.042746
-7.077132,27.01426,-25.931454
-6.9620237,27.143717,-25.973082
-7.0594606,27.319056,-25.9246
-7.0147305,27.282457,-25.972511
-6.955784,27.441189,-26.082703
-7.0043626,27.511194,-26.199121
-14.051152,21.022755,-21.07536
-14.702692,20.079914,-20.024406
-15.312699,19.119312,-19.181053
-16.019032,18.252493,-18.104172
-16.739918,17.256233,-17.068367
-16.662777,16.744162,-15.9701805
-16.13939,16.596596,-15.037875
-15.466898,16.273764,-14.275508
-15.652562,15.684956,-13.923583
-15.682116,15.660178,-13.97159
-15.679921,15.662049,-13.92306
-15.641479,15.729871,-13.949336
-15.746582,15.845028,-13.951963
-15.838918,15.848419,-13.964242
-16.011686,15.957133,-13.807199
-16.083551,15.913875,-13.897008
-16.090738,15.855418,-13.747832
-16.145931,15.741197,-13.785671
-16.260513,15.567268,-13.631184
-16.381033,15.495745,-13.668492
-16.393085,15.650984,-13.724981
-16.612185,15.720753,-13.783386
-16.579508,15.890237,-13.789227
-16.630827,15.853054,-13.684297
-16.472538,15.795091,-13.726562
-16.293175,15.789294,-13.836302
-16.16629,15.8969755,-13.794518
-16.208075,15.853498,-13.684826
-16.048717,15.903282,-13.779257
-15.923719,15.90826,-13.841457
-16.020166,16.017134,-13.9004345
-16.029812,15.865515,-13.906332
-15.976189,15.742092,-13.906921
-15.8074045,15.675505,-13.801466
-15.899589,15.614716,-13.790921
-15.96328,15.608636,-13.895381
-16.078596,15.662273,-13.85307
-16.253664,15.613392,-13.743323
-16.434593,15.391868,-13.732349
-16.398212,15.369715,-13.625852
-16.503637,15.421744,-13.667959
-16.677715,15.481193,-13.619412
-16.80407,15.378762,-13.456401
-16.871181,15.5851555,-13.4401
-16.93248,15.497419,-13.491226
-16.884134,15.542891,-13.601854
-16.879301,15.601569,-13.718431
-16.878817,15.553191,-13.677331
-16.715233,15.548354,-13.673222
-16.698875,15.54787,-13.672811
-16.588291,15.601952,-13.778284
-16.522644,15.661605,-13.894232
-16.407019,15.66757,-13.905827
-16.286507,15.722298,-13.906986
-16.219982,15.781901,-14.118016
-16.104267,15.625355,-14.139119
-16.092695,15.663945,-14.14123
-16.146013,15.776066,-14.035927
-16.205818,15.841408,-13.919881
-16.102737,15.956318,-13.908277
-16.092428,15.967809,-13.907116
-15.982336,15.860697,-13.8015995
-15.916852,15.849986,-13.632892
-15.964892,15.79467,-13.616021
-15.969696,15.734894,-13.614334
-15.915588,15.674785,-13.614165
-15.746756,15.614643,-13.561391
-15.838935,15.717005,-13.503356
-15.739091,15.781372,-13.55031
-15.729106,15.679547,-13.555005
-15.564572,15.561104,-13.555474
-15.602707,15.495129,-13.502764
-15.661109,15.650923,-13.391978
-15.7760105,15.774764,-13.539058
-15.7875,15.8413925,-13.76468
-15.734061,15.902301,-13.84
-15.783192,15.962636,-13.900289
-15.679157,15.96867,-13.906318
-15.61428,16.131779,-13.959678
-15.662266,16.039715,-13.9650135
-15.667065,15.9763775,-13.912789
-15.6130705,16.024176,-13.960325
-15.716733,16.083084,-14.12335
-15.781573,16.143105,-14.139653
-15.842531,16.094978,-14.246798
-15.685091,16.19854,-14.257512
-15.723821,16.154652,-14.1530695
-15.89123,16.204393,-14.03711
-15.96256,16.263498,-13.919999
-16.133228,16.323538,-13.908288
-16.204767,16.275412,-13.801603
-16.102976,16.2706,-13.790935
-16.14727,16.270119,-13.73711
-16.1517,16.270071,-13.784485
-16.04308,16.270065,-13.630951
-16.032219,16.10756,-13.721111
-15.867596,15.9830475,-13.730127
-15.851133,15.916466,-13.836544
-15.740425,15.909808,-13.847186
-15.565818,15.800766,-13.84825
-0.13007948,25.415764,-11.713506
2.260933,26.808659,-11.538553
4.7029076,28.030788,-11.396661
7.160621,29.240076,-11.204172
9.425016,30.48367,-11.322139
10.877461,30.812191,-10.689289
11.44568,30.820784,-10.344709
11.689612,30.816721,-10.22751
11.874908,30.812538,-10.572731
12.085471,30.759247,-11.080124
12.148183,30.854855,-11.090351
12.201947,30.829283,-11.158779
12.34946,30.773167,-11.1011915
12.309737,30.65918,-11.095432
12.360238,30.756042,-10.936584
12.419763,30.87399,-10.762428
12.534662,30.831654,-10.745012
12.546152,30.935682,-10.796028
12.43824,30.891953,-10.959402
12.372974,30.88758,-11.134011
12.202912,30.833014,-11.204229
12.240494,30.881687,-11.211251
12.189664,30.832424,-11.211953
12.184581,30.827497,-11.264666
12.07501,30.827005,-11.375452
12.173116,30.826956,-11.38653
12.128452,30.88108,-11.54591
12.17846,30.940624,-11.667363
12.019924,30.892447,-11.626751
12.00407,30.725239,-11.517176
12.002485,30.546125,-11.45346
12.056801,30.528214,-11.341575
12.007758,30.580555,-11.172114
12.002853,30.531656,-11.10241
12.111425,30.472637,-11.09544
12.122283,30.466736,-10.936585
12.123368,30.520275,-10.815186
12.177952,30.525629,-10.8558035
12.019874,30.309643,-10.807107
11.949592,30.342289,-10.74948
11.779142,30.237291,-10.585445
11.762097,30.335054,-10.621799
11.705918,30.507221,-10.467278
11.645826,30.57857,-10.557341
11.585344,30.531574,-10.724619
11.470233,30.472744,-10.741346
11.240712,30.466862,-10.743019
11.21776,30.520403,-10.690429
11.160991,30.579887,-10.843442
11.264262,30.639967,-10.753229
11.329062,30.754234,-10.744207
11.226481,30.711416,-10.95422
11.3251705,30.707134,-11.027979
11.225977,30.652576,-11.088111
11.325006,30.647121,-11.305039
11.443971,30.592445,-11.221217
11.673877,30.586979,-11.160078
11.751342,30.532299,-11.101207
11.868035,30.52683,-11.148077
11.934179,30.526285,-11.205521
11.940793,30.363838,-10.947594
11.832507,30.347593,-10.869044
11.93074,30.4001,-10.702917
11.995152,30.29709,-10.528147
12.001594,30.39505,-10.616184
12.220247,30.404846,-10.624988
12.133165,30.351694,-10.678626
12.069869,30.29225,-10.736747
12.118013,30.232176,-10.795316
12.01388,30.172035,-10.906688
12.003466,30.166021,-10.81231
11.947951,30.16542,-10.85563
11.996873,30.381884,-10.965362
11.892704,30.349398,-11.081849
11.773224,30.292019,-11.304527
11.81575,30.286282,-11.274037
11.929065,30.339838,-11.165474
11.831449,30.399326,-11.154618
11.9306345,30.459404,-11.100775
11.88608,30.465412,-11.042634
11.718088,30.466013,-10.984062
11.810237,30.682594,-10.925447
11.764977,30.650124,-10.972343
11.814926,30.646875,-10.977034
11.819921,30.48416,-11.03026
11.875009,30.359627,-11.035583
11.989579,30.347172,-11.036115
11.946563,30.345926,-11.036168
11.887672,30.345802,-11.141687
11.8817835,30.399921,-11.15224
11.82672,30.513594,-11.100537
11.821214,30.47083,-11.04261
11.875137,30.574816,-11.089574
11.88053,30.476954,-11.147028
11.990131,30.629559,-11.152774
12.001091,30.590689,-11.100591
12.11125,30.695063,-11.095372
12.17674,30.922136,-10.989336
12.34671,30.998976,-10.82046
12.41818,30.898397,-10.961844
-4.0322556,20.697742,-31.3816
-1.2091186,20.651659,-33.32573
2.4124665,21.285519,-34.8369
5.339704,20.77796,-36.338303
7.0284925,20.114716,-37.72074
8.560706,19.43716,-39.20676
9.970489,18.678068,-40.624855
10.414735,18.751162,-40.85696
10.473579,18.887903,-40.93258
10.430025,18.858433,-40.9073
10.42567,18.909616,-40.746613
10.479709,18.968866,-40.730545
10.487515,19.03018,-40.636353
10.542769,19.090443,-40.46878
10.657244,19.25886,-40.557423
10.777638,19.492224,-40.671688
10.953099,19.51556,-40.577713
10.916171,19.247242,-40.568317
10.749057,19.112148,-40.514732
10.568924,19.31516,-40.509373
10.605385,19.281332,-40.50884
10.445609,19.277948,-40.40327
10.429631,19.33174,-40.445473
10.37356,19.228859,-40.44969
10.367952,19.16444,-40.60827
10.312919,19.157997,-40.729527
10.252941,19.049093,-40.68901
10.356006,19.038202,-40.57956
10.311838,19.091244,-40.726772
10.361896,19.421331,-40.68885
10.475848,19.50847,-40.7377
10.650665,19.463055,-40.689827
10.668147,19.35025,-40.7378
10.72437,19.28484,-40.95351
10.729992,19.440691,-41.02772
10.7850275,19.510406,-41.035145
10.681583,19.571508,-40.98313
10.725714,19.469358,-40.87253
10.730126,19.567404,-40.86147
10.567031,19.414818,-40.913006
10.441773,19.237167,-40.865402
10.320301,19.002878,-40.86064
10.199205,18.92532,-40.80752
10.187096,19.025826,-40.90761
10.076937,19.198267,-40.86486
10.174869,19.377903,-40.70243
10.184662,19.287605,-40.791702
10.185641,19.278576,-40.853386
10.512697,19.115282,-40.80691
10.490929,19.098951,-40.80226
10.488752,19.097319,-40.801796
10.43406,19.151285,-40.74911
10.483065,19.156683,-40.7966
10.651387,19.211353,-40.90675
10.722693,19.32508,-41.023163
10.620876,19.228193,-40.929405
10.501747,19.110243,-40.972782
10.598782,19.044317,-41.082523
10.717433,19.037725,-40.93534
10.674824,18.982935,-40.867863
10.616089,19.085718,-40.861115
10.773752,19.204258,-40.913082
10.789518,19.21611,-40.970924
10.682147,19.271427,-41.02935
10.67141,19.222828,-41.035194
10.561388,19.163837,-40.98302
10.550386,19.212069,-40.92505
10.549286,19.216892,-40.91925
10.767072,19.217375,-40.865913
10.788851,19.163292,-40.755177
10.736554,19.157883,-40.691345
10.894746,19.157343,-40.52681
10.855977,19.103159,-40.457596
10.688564,19.09774,-40.503433
10.617349,19.043068,-40.50802
10.828123,19.0376,-40.56123
10.903674,19.037054,-40.46115
11.074765,19.14526,-40.292988
11.146348,19.10195,-40.328926
11.20798,19.097618,-40.38528
10.996248,19.043055,-40.285515
10.975075,18.929338,-40.48645
10.972958,18.917967,-40.559303
10.809324,19.025091,-40.724747
10.738487,19.144062,-40.84669
10.785877,19.318352,-40.753487
10.899565,19.389912,-40.744167
10.801985,19.397068,-40.637833
10.792227,19.451914,-40.67984
10.627715,19.349136,-40.894955
10.556789,19.33886,-40.863712
10.604172,19.337831,-41.071503
10.6633835,19.391861,-41.19768
10.505883,19.451393,-41.05214
10.381185,19.403215,-41.090233
10.477663,19.452528,-40.98864
10.596373,19.349197,-40.820324
10.608244,19.122343,-40.90889
10.718493,19.153788,-40.917747
10.729518,19.156933,-41.076794
-2.3750815,33.2744,-24.816761
-3.9436772,33.29757,-25.014864
-5.7800717,33.12273,-25.642586
-7.513699,33.06096,-26.203289
-8.056248,33.019077,-26.342443
-8.057058,32.9151,-26.233564
-8.03139,32.817955,-26.304502
-7.877419,32.8111,-26.346384
-7.661178,32.792217,-26.346684
-7.6003003,32.754852,-26.401987
-7.703161,32.80525,-26.460276
-7.800536,32.73178,-26.51829
-7.742639,32.80477,-26.611523
-7.6823754,32.866314,-26.779003
-7.730823,32.9266,-26.743109
-7.7356677,32.93263,-26.792276
-7.8451,32.8791,-26.849836
-7.801569,33.090385,-26.802835
-7.797216,33.21989,-26.745377
-7.7967806,33.3411,-26.686989
-7.960159,33.298977,-26.522879
-8.030971,33.348896,-26.506468
-7.9835777,33.028988,-26.504827
-7.869891,32.942753,-26.399263
-7.8585224,32.825867,-26.230547
-7.966333,32.759933,-26.108276
-7.8681664,32.75334,-26.096048
-7.9672976,32.69855,-25.93667
-7.9772105,32.747204,-25.973488
-7.978202,32.589676,-26.2936
-7.978301,32.465546,-26.325611
-7.923837,32.29063,-26.486969
-7.9728646,32.32738,-26.661377
-7.9232936,32.38519,-26.678818
-7.9183364,32.60761,-26.627806
-7.9178405,32.684093,-26.622704
-8.026738,32.854134,-26.67495
-7.928681,33.03364,-26.785576
-7.973349,32.889088,-26.743881
-7.9233418,32.657997,-26.845112
-7.8093934,32.526512,-26.697077
-7.852473,32.513363,-26.629517
-7.8023067,32.620426,-26.62276
-7.9607115,32.739506,-26.622084
-7.8676047,32.697166,-26.727417
-7.858294,32.53043,-26.685307
-7.8573627,32.35125,-26.839254
-7.8027954,32.333332,-26.907291
-7.742865,32.223278,-26.861338
-7.7368717,32.049767,-26.856743
-7.6273246,32.24905,-26.909039
-7.61637,32.485615,-26.808868
-7.669749,32.67178,-26.904251
-7.6750865,32.744526,-26.91379
-7.6756206,32.7518,-26.914743
-7.5667257,32.860786,-26.809326
-7.501363,32.92593,-26.693384
-7.3857636,32.98669,-26.68179
-7.3197303,33.047012,-26.68063
-7.422075,33.053043,-26.62787
-7.432309,32.99952,-26.780752
-7.433333,33.156673,-26.79604
-7.433435,33.06413,-26.79757
-7.378971,33.054874,-26.850481
-7.209989,33.053947,-26.855772
-7.193091,32.99972,-26.8563
-7.191401,32.94017,-26.750954
-7.1912317,32.825954,-26.63502
-7.3001623,32.814533,-26.728825
-7.365644,32.81339,-26.843605
-7.5356135,32.813274,-26.90784
-7.498137,32.921524,-26.914265
-7.3854413,32.93235,-26.86215
-7.3741717,32.770927,-26.804295
-7.373045,32.646408,-26.745752
-7.2638702,32.52558,-26.845299
-7.307541,32.5135,-26.90801
-7.311908,32.51229,-26.808882
-7.257871,32.62043,-26.90437
-7.306941,32.577114,-26.86116
-7.2573743,32.518536,-26.804081
-7.3068914,32.404305,-26.692972
-7.2573695,32.284504,-26.523706
-7.4158387,32.11002,-26.454021
-7.4861593,32.200832,-26.341654
-7.438718,32.372417,-26.383059
-7.433974,32.606213,-26.3872
-7.6515093,32.792103,-26.387613
-7.6732626,32.702427,-26.387655
-7.784385,32.74759,-26.440302
-7.849972,32.48134,-26.445566
-7.8565307,32.508846,-26.551609
-7.8027124,32.56584,-26.50957
-7.7973304,32.679916,-26.452608
-7.6332564,32.96209,-26.446913
-7.616849,33.04455,-26.4991
-7.615208,32.99867,-26.504318
-7.669518,32.93995,-26.452196
-7.6204753,32.825817,-26.446985
-7.5610967,32.543636,-26.288307
-9.984069,31.45905,-19.877739
-10.1079035,31.047974,-18.734371
-10.260363,30.849854,-17.551386
-10.198247,30.55218,-16.448093
-10.314487,30.316647,-15.500973
-10.310432,30.003443,-14.544177
-9.653481,30.191162,-13.752009
-8.836137,30.24564,-13.243068
-8.7614975,30.128637,-13.455387
-8.868933,30.037857,-13.566226
-8.912177,29.935623,-13.925325
-9.000387,29.731195,-14.217697
-8.982543,29.741995,-14.267534
-9.035919,29.749483,-14.245625
-9.173551,29.744854,-14.15188
-9.350736,29.69026,-14.195263
-9.368454,29.684801,-13.988572
-9.370226,29.738386,-13.967903
-9.370402,29.689613,-13.860322
-9.37042,29.684736,-14.007835
-9.370422,29.738379,-13.864315
-9.424896,29.63548,-14.008235
-9.37587,29.516932,-13.96987
-9.207545,29.559206,-14.124305
-9.081765,29.563435,-14.08699
-8.960239,29.617987,-14.188774
-8.839139,29.515182,-14.357224
-8.663608,29.721424,-14.321312
-8.646054,29.579657,-14.581392
-8.80772,29.61961,-14.554643
-8.769413,29.623604,-14.551969
-8.765582,29.569874,-14.446187
-8.874147,29.40211,-14.435609
-8.885004,29.331203,-14.329037
-8.940563,29.486504,-14.318379
-9.000593,29.556164,-14.159041
-9.170018,29.56313,-14.195865
-9.241434,29.617956,-14.094032
-9.248576,29.7317,-14.083849
-9.358238,29.634813,-13.977317
-9.478151,29.625124,-13.755749
-9.43567,29.678288,-13.786349
-9.431421,29.683603,-13.842167
-9.376522,29.846527,-13.68959
-9.262085,29.91695,-13.674334
-9.359589,30.032253,-13.725565
-9.478287,30.043783,-13.730688
-9.326735,30.099066,-13.7839575
-9.257106,30.050465,-13.894799
-9.250143,29.937344,-13.905884
-9.249447,29.926031,-13.8014765
-9.412913,29.816639,-13.738394
-9.42926,30.022223,-13.732085
-9.485369,29.772127,-13.836968
-9.490979,29.692987,-13.952972
-9.491541,29.522682,-13.964572
-9.382648,29.61391,-13.965733
-9.262812,29.568905,-13.965848
-9.087406,29.456142,-13.96586
-9.287762,29.336607,-13.965861
-9.253323,29.432913,-13.80759
-9.195405,29.496675,-13.844519
-9.189613,29.503052,-13.953727
-9.025498,29.720211,-14.122805
-8.954613,29.687796,-14.086956
-8.838576,29.738686,-14.083371
-8.663551,29.906166,-14.030255
-8.80947,29.868784,-14.183101
-8.987484,29.756784,-14.145628
-8.950811,29.853846,-14.141881
-9.001618,29.80942,-14.141506
-8.952225,29.750847,-14.141468
-9.00176,29.582598,-14.088707
-9.061187,29.565773,-14.083431
-9.06713,29.50996,-13.871989
-9.067724,29.341988,-13.903603
-9.285793,29.216928,-13.95952
-9.253126,29.312685,-13.912355
-9.358807,29.26813,-13.749367
-9.314901,29.371935,-13.680311
-9.3649845,29.328186,-13.778919
-9.424467,29.21555,-13.683266
-9.430415,29.258415,-13.726459
-9.485484,29.316833,-13.783534
-9.490991,29.376804,-13.894757
-9.382593,29.328672,-13.905879
-9.53529,29.323858,-13.959634
-9.496086,29.269245,-13.806738
-9.492166,29.263784,-13.73869
-9.437299,29.154978,-13.731886
-9.3228655,29.089966,-13.83672
-9.202475,28.975204,-13.952718
-9.081487,28.963728,-13.858804
-9.123862,29.07084,-13.849412
-9.128099,29.081553,-13.742958
-8.965102,29.028494,-13.626799
-9.05775,28.914927,-13.615182
-9.121489,29.011831,-13.719535
-9.073274,28.91326,-13.835485
-8.959505,29.065794,-13.952595
-4.7335696,31.115335,-24.607483
-4.5551214,31.257133,-25.605509
-4.335059,31.461514,-26.649677
-4.4324145,31.540545,-27.497044
-5.437672,31.750666,-27.774157
-5.997449,31.839312,-27.633755
-6.7476254,31.868204,-27.430313
-7.5370975,31.802313,-27.255932
-7.846529,31.826624,-27.12394
-7.8373036,31.76886,-27.148619
-7.841531,31.678396,-27.151773
-7.8416104,31.7807,-27.073584
-7.801106,31.7891,-26.983711
-7.7970557,31.78994,-27.080124
-7.687588,31.681648,-26.984364
-7.6221676,31.616575,-26.869272
-7.833521,31.555822,-26.699608
-7.6911206,31.549747,-26.629997
-7.458985,31.549139,-26.728436
-7.3812976,31.440817,-26.791039
-7.4825907,31.37574,-26.955456
-7.49272,31.423365,-26.866383
-7.3303113,31.590631,-26.804718
-7.31407,31.498983,-26.851194
-7.2033844,31.489819,-27.014
-7.083368,31.597277,-26.872124
-7.2893763,31.608023,-26.857935
-7.418925,31.663342,-26.751118
-7.104922,31.668875,-26.845835
-7.182584,31.723558,-26.960707
-7.299298,31.674782,-27.024952
-7.310969,31.832296,-27.136776
-7.421084,31.793917,-27.095201
-7.4320955,31.79008,-27.0384
-7.4876704,31.68132,-27.138235
-7.3296924,31.670444,-27.095575
-7.4229565,31.561094,-27.09131
-7.5412307,31.55016,-27.24904
-7.4441104,31.657442,-27.264812
-7.3254504,31.613926,-27.477304
-7.3681726,31.66382,-27.393154
-7.263383,31.668808,-27.279339
-7.1439557,31.615175,-27.267958
-7.0230656,31.609812,-27.214064
-7.010977,31.717653,-27.103273
-7.009768,31.728437,-27.25035
-6.955173,31.621254,-27.159544
-7.0043015,31.610535,-27.255863
-7.1181626,31.77197,-27.15998
-7.1295485,31.73387,-27.20315
-7.1851606,31.621681,-27.365623
-7.2996697,31.66471,-27.170958
-7.311121,31.560637,-27.256891
-7.4758024,31.550228,-27.423641
-7.383208,31.495058,-27.440317
-7.591844,31.48954,-27.441984
-7.50376,31.272352,-27.494795
-7.440478,31.250633,-27.447317
-7.270613,31.573359,-27.389927
-7.3081007,31.60563,-27.384188
-7.311849,31.392221,-27.383614
-7.3122244,31.31675,-27.278042
-7.3122616,31.363333,-27.16197
-7.3122654,31.367992,-27.203121
-7.36674,31.368458,-27.154478
-7.2632394,31.314375,-27.149612
-7.525373,31.363096,-27.09637
-7.333691,31.422213,-27.038403
-7.3689966,31.482256,-27.032606
-7.4270015,31.48826,-26.979269
-7.6508117,31.272224,-27.132092
-7.7276664,31.304867,-27.094618
-7.735352,31.524767,-26.98547
-7.681647,31.655132,-27.027311
-7.5673285,31.614038,-26.978855
-7.337887,31.501553,-26.974009
-7.4238906,31.436174,-26.920881
-7.541438,31.483767,-26.862812
-7.444246,31.651031,-26.909761
-7.4345264,31.613514,-27.019857
-7.542502,31.66389,-26.978222
-7.607774,31.506538,-26.921417
-7.6143007,31.490803,-26.862978
-7.506006,31.48923,-26.804493
-7.4951763,31.326567,-26.904045
-7.548567,31.201923,-26.86124
-7.771802,31.135328,-26.96236
-7.794125,31.1828,-27.025116
-7.6874094,31.241678,-27.084036
-7.6767383,31.247566,-27.037169
-7.7301445,31.194023,-26.927082
-7.953381,31.18867,-26.916073
-7.812283,31.29651,-26.967615
-7.9071207,31.415554,-27.025414
-7.9166045,31.535835,-26.925793
-8.026501,31.439487,-27.02123
-8.037491,31.538115,-26.978132
-7.8750534,31.656351,-26.973822
-7.640914,31.884811,-26.920633
-7.8355103,31.853527,-27.020828
-16.126905,33.96939,-25.224604
-18.544111,34.919117,-24.821274
-20.856524,35.880405,-24.41187
-23.267408,37.00525,-23.949099
-25.633665,37.76741,-23.375479
-27.758223,38.76625,-22.926842
-30.477505,39.745155,-22.424559
-33.118248,40.588512,-22.08491
-34.544926,41.909267,-21.97507
-34.861084,42.527264,-21.9634
-34.906208,42.59787,-21.969555
-35.10092,42.549202,-21.858822
-35.102997,42.66564,-21.979813
-35.04873,42.731415,-21.939156
-35.0433,42.73799,-21.987846
-35.04276,42.57626,-22.045471
-34.98823,42.668346,-22.209393
-35.03737,42.569294,-22.225784
-34.98781,42.45113,-22.38558
-35.037327,42.547573,-22.348803
-35.09675,42.557217,-22.345125
-34.88468,42.50405,-22.344757
-34.972424,42.498734,-22.291964
-34.817776,42.389942,-22.444956
-35.020206,42.16254,-22.302097
-35.094925,41.977406,-22.498728
-34.93886,41.904766,-22.62379
-34.86878,42.059895,-22.53078
-34.916245,41.858883,-22.468838
-35.084415,41.94704,-22.409885
-35.046642,42.118248,-22.29859
-34.98839,42.13537,-22.392977
-34.764557,42.19121,-22.455172
-34.90571,42.196796,-22.514147
-34.810875,42.143223,-22.467289
-34.63786,42.35439,-22.462603
-34.40266,42.59203,-22.356619
-34.16113,42.832314,-22.187864
-34.136974,43.018734,-22.01283
-34.025497,43.037376,-22.206242
-34.068825,43.309895,-22.225582
-33.909737,43.337147,-22.438433
-33.948414,43.23161,-22.40696
-33.952282,43.166927,-22.24554
-34.00726,43.21459,-22.176641
-33.958282,43.165226,-22.222395
-33.953384,43.16029,-22.279726
-34.00737,43.105663,-22.127188
-34.06724,42.99194,-22.164692
-34.29124,42.764046,-22.221199
-34.4227,42.470604,-22.279608
-34.599384,42.27887,-22.074533
-34.39904,42.097305,-22.159428
-34.43348,42.025017,-22.009758
-34.436924,42.017788,-22.04755
-34.38268,42.125324,-22.104086
-34.43173,42.027817,-22.21514
-34.32757,42.072197,-22.173601
-34.426105,42.076637,-22.11669
-34.490547,42.07708,-22.321915
-34.388042,41.96886,-22.44795
-34.377792,42.01217,-22.35504
-34.322296,42.124763,-22.292992
-34.098736,42.298412,-22.444944
-34.13085,42.315777,-22.407381
-34.24301,42.371647,-22.456383
-34.254227,42.431366,-22.461285
-34.309937,42.437336,-22.567287
-34.15197,42.3838,-22.577888
-34.463135,42.37845,-22.420675
-34.33071,42.377914,-22.51047
-34.31747,42.2696,-22.466806
-34.425095,42.15039,-22.462439
-34.43586,42.192604,-22.462002
-34.382347,42.196823,-22.46196
-34.486053,42.08898,-22.514713
-34.496426,42.078197,-22.414589
-34.497463,41.8606,-22.404575
-34.606518,41.83884,-22.403574
-34.61742,41.7284,-22.456116
-34.782047,41.77149,-22.40873
-34.526142,41.721664,-22.562262
-34.555138,41.770813,-22.683016
-34.503452,41.82986,-22.695091
-34.334743,42.10653,-22.64354
-34.31787,42.134197,-22.7439
-34.316185,42.191097,-22.753935
-34.316017,42.25092,-22.596783
-34.315998,42.365158,-22.528309
-34.315998,42.484844,-22.468704
-34.20705,42.442684,-22.515501
-34.250633,42.492596,-22.362024
-34.145927,42.44346,-22.293919
-34.080868,42.492676,-22.23435
-34.07436,42.605858,-22.01748
-34.182774,42.617176,-21.943035
-34.13914,42.56418,-21.882833
-34.18925,42.558876,-21.876814
-34.24885,42.558346,-21.928968
-34.418232,42.50416,-21.881426
-23.338709,37.51317,-24.895718
-21.17199,36.470318,-25.498034
-18.993572,35.499718,-26.085608
-16.813984,34.6446,-26.513437
-14.743227,33.801033,-27.030807
-12.570628,32.804005,-27.559532
-10.397802,31.885023,-28.218256
-8.647698,31.086908,-28.860226
-9.014565,30.851114,-29.094595
-9.270406,30.69547,-29.119864
-9.161981,30.689747,-29.175606
-9.140038,30.774662,-29.163326
-9.03313,30.864752,-29.171597
-9.118797,30.884861,-29.14473
-9.072891,30.83274,-29.142044
-9.177248,30.7734,-29.19453
-9.242158,30.767466,-29.147024
-9.303122,30.71274,-29.142273
-9.254745,30.599007,-29.141798
-9.195433,30.479372,-29.247263
-9.189502,30.46741,-29.310568
-9.079961,30.628605,-29.211384
-9.014533,30.698854,-29.148708
-9.00799,30.651749,-29.14244
-9.170757,30.592909,-29.19457
-9.13256,30.478762,-29.25254
-9.074267,30.467348,-29.152824
-9.013964,30.412077,-29.142853
-8.953459,30.244158,-29.194613
-8.838461,30.227365,-29.252544
-8.881435,30.333946,-29.205696
-8.885733,30.452866,-29.095497
-8.831689,30.62715,-29.13712
-8.826284,30.644579,-29.299555
-8.934691,30.64632,-29.368555
-9.000006,30.700624,-29.480854
-8.788642,30.706057,-29.439327
-8.713032,30.86899,-29.435175
-8.759944,30.777023,-29.487516
-8.81911,30.767828,-29.598265
-8.716079,30.821037,-29.556581
-8.869197,30.88049,-29.552414
-8.830035,30.724043,-29.446484
-8.880593,30.76253,-29.488647
-8.940122,30.712246,-29.44022
-8.891602,30.707218,-29.329865
-8.7778015,30.760847,-29.318829
-8.711948,30.712078,-29.265081
-8.81431,30.707201,-29.20695
-8.770072,30.760958,-29.148378
-8.602226,30.766335,-29.19528
-8.42202,30.658611,-29.147211
-8.458474,30.7561,-29.24792
-8.407645,30.765848,-29.099718
-8.511511,30.929214,-29.190414
-8.412949,30.94555,-29.093967
-8.403092,30.947186,-29.136967
-8.2931595,30.839088,-29.35218
-8.2821665,30.774147,-29.268188
-8.226593,30.767653,-29.154274
-8.27551,30.712873,-29.195639
-8.389349,30.65315,-29.199776
-8.564155,30.647179,-29.094677
-8.636109,30.808973,-29.084166
-8.479883,30.879396,-29.188515
-8.355313,30.88644,-29.304462
-8.342855,30.887144,-29.263302
-8.450558,30.724823,-29.3647
-8.461328,30.76272,-29.322197
-8.516879,30.874771,-29.317947
-8.685856,30.831848,-29.370277
-8.757227,30.881685,-29.375511
-8.6554165,31.04906,-29.534193
-8.590761,31.011667,-29.602818
-8.475348,31.007929,-29.715197
-8.409332,31.007555,-29.831833
-8.457205,30.953272,-29.79074
-8.461992,31.001974,-29.681116
-8.516946,30.898582,-29.72291
-8.522441,30.942375,-29.674334
-8.359569,30.892622,-29.616716
-8.506703,30.887648,-29.505556
-8.521417,30.77889,-29.49444
-8.522888,30.659752,-29.493328
-8.686457,30.647839,-29.387815
-8.811761,30.538385,-29.324509
-9.042187,30.581572,-29.159906
-9.119703,30.53176,-28.985289
-9.181929,30.472647,-28.80967
-9.242625,30.575111,-28.950378
-9.1942215,30.63949,-28.858936
-9.134907,30.700058,-28.849792
-9.237924,30.706114,-28.848877
-9.248225,30.598457,-28.74327
-9.194781,30.695953,-28.73271
-9.189437,30.813965,-28.731655
-9.134428,30.717505,-28.784191
-8.911033,30.81612,-28.683931
-8.888693,30.71772,-28.832176
-8.940932,30.70788,-28.794245
-4.8058395,30.589178,-27.824064
-4.448022,30.584362,-27.59972
-4.139756,30.58388,-27.313614
-4.1750765,30.515396,-27.329292
-4.0416226,30.33597,-27.360386
-4.0995736,30.414959,-27.187828
-3.9993968,30.428352,-27.225618
-3.912017,30.335964,-27.090239
-4.0560575,30.274769,-27.10554
-4.3122754,30.37016,-27.13133
-4.4056463,30.332548,-27.134596
-4.4601874,30.290335,-27.147968
-4.247746,30.340244,-27.096548
-4.280976,30.291105,-27.249563
-4.3387723,30.28619,-27.264866
-4.3990264,30.177437,-27.266396
-4.5685873,30.00417,-27.266548
-4.640018,29.770323,-27.319206
-4.8105826,29.692808,-27.218958
-4.7731647,29.630924,-27.208933
-4.6060014,29.678867,-27.20793
-4.4803376,29.5754,-27.260588
-4.413297,29.565054,-27.371368
-4.461067,29.618149,-27.329689
-4.465844,29.406937,-27.325521
-4.466322,29.385815,-27.377861
-4.4118953,29.437834,-27.488495
-4.460927,29.497168,-27.446802
-4.3567677,29.448969,-27.495275
-4.18293,29.60654,-27.500124
-4.1110725,29.568167,-27.553366
-4.049413,29.726723,-27.66409
-4.206669,29.580185,-27.727919
-4.276868,29.565533,-27.576145
-4.3383617,29.564066,-27.455452
-4.290037,29.50979,-27.601654
-4.5031004,29.612623,-27.72179
-4.469933,29.677038,-27.628288
-4.4121423,29.73761,-27.513538
-4.351889,29.743666,-27.449306
-4.345864,29.960793,-27.601154
-4.5086827,30.036638,-27.669096
-4.579439,30.044222,-27.67589
-4.5865145,29.990849,-27.729328
-4.5327477,30.202036,-27.629156
-4.4184237,30.169022,-27.671783
-4.1890955,30.219852,-27.623287
-4.220637,30.224936,-27.460165
-4.2783794,30.225443,-27.285698
-4.4475756,30.117233,-27.215494
-4.464495,30.052282,-27.36663
-4.520661,30.154047,-27.381744
-4.4718037,29.947702,-27.27774
-4.3034964,29.981197,-27.16194
-4.2866654,30.092808,-27.15036
-4.557466,30.049839,-27.1492
-4.63902,29.991411,-27.096443
-4.6471753,29.931438,-27.143925
-4.8114123,29.92544,-27.254189
-4.773362,29.92484,-27.31797
-4.606021,30.033043,-27.482506
-4.4803395,30.097992,-27.604475
-4.522245,30.050358,-27.616673
-4.526436,29.937332,-27.723406
-4.472381,30.142551,-27.681322
-4.575923,30.054813,-27.88803
-4.5318036,29.991907,-27.961456
-4.3093815,30.256386,-27.968798
-4.01477,30.282833,-28.127691
-4.0942564,30.285479,-28.196337
-4.1022053,30.285744,-28.203201
-3.9395785,30.3399,-28.203888
-3.868842,30.291185,-28.098442
-3.8617682,30.178051,-28.087896
-3.8610609,30.166739,-27.875929
-3.7520423,30.111477,-27.749218
-3.9045622,30.051819,-27.736546
-3.919814,29.883461,-27.682522
-3.9213393,29.920757,-27.782633
-4.03044,29.707851,-27.792645
-4.150297,29.63243,-27.740889
-4.162283,29.624886,-27.735714
-4.00006,29.515873,-27.682438
-4.0927854,29.50497,-27.67711
-4.156532,29.503881,-27.83485
-4.053959,29.612032,-27.903381
-3.9892278,29.67698,-28.06839
-3.8738067,29.737602,-28.084892
-3.7533169,29.743666,-28.1393
-3.686794,29.960793,-28.197498
-3.5711942,30.090767,-27.992289
-3.3417385,30.103765,-27.971767
-3.4277408,30.050936,-27.864315
-3.327393,30.153912,-27.748056
-3.535254,30.326601,-27.683674
-3.6649878,30.28974,-27.729992
-3.732435,30.231924,-27.681866
-3.8481274,30.226143,-27.624296
-3.9141707,30.171432,-27.618538
-4.0297227,30.220093,-27.617962
1.524991,26.773787,-30.633865
2.489726,25.83404,-31.385454
3.4581246,25.144516,-32.146114
4.3724165,24.425882,-32.907795
5.3902445,23.596077,-33.66958
6.4181976,22.96252,-34.383533
7.495915,22.23106,-35.03892
7.9828296,21.40306,-35.90406
7.7694516,21.018595,-36.504185
8.001944,20.919151,-36.702213
8.107018,20.917904,-36.611122
8.098413,20.892372,-36.52923
8.070202,20.792316,-36.577576
8.176329,20.836443,-36.63517
8.295889,20.786722,-36.535526
8.253371,20.781752,-36.525562
8.249119,20.781254,-36.47181
8.085158,20.672945,-36.36092
8.123237,20.716244,-36.455345
8.236106,20.720573,-36.30663
8.247393,20.612743,-36.239117
8.302996,20.54783,-36.232365
8.036072,20.48721,-36.3372
8.063968,20.481148,-36.505844
8.175706,20.588802,-36.469948
8.186879,20.545437,-36.519005
8.024575,20.541101,-36.576664
7.899282,20.486538,-36.63519
7.8867526,20.535212,-36.6938
7.994562,20.64834,-36.69966
7.950869,20.659653,-36.59473
7.9465,20.714914,-36.636997
7.946063,20.828701,-36.588467
7.8370714,20.94834,-36.425457
7.9897084,21.122696,-36.3564
7.9503837,21.140131,-36.34949
7.8375034,21.141874,-36.296043
7.717268,21.25031,-36.2907
7.759718,21.152893,-36.237408
7.7094893,21.089022,-36.23208
7.595404,21.028503,-36.23155
7.6929436,20.80593,-36.28425
7.648224,20.729542,-36.289516
7.6437516,20.667772,-36.23729
7.6433043,20.661596,-36.337467
7.534312,20.552717,-36.453
7.468939,20.433567,-36.51731
7.6259375,20.475784,-36.418343
7.532575,20.480005,-36.30293
7.5777125,20.426296,-36.238747
7.5277524,20.583317,-36.232327
7.631819,20.65315,-36.178925
7.6422253,20.606003,-36.278984
7.479844,20.76368,-36.44715
7.51808,20.671186,-36.67488
7.521904,20.770197,-36.644897
7.5222864,20.780098,-36.5365
7.631272,20.83522,-36.5783
7.7511187,20.948992,-36.58248
7.599567,20.906239,-36.6883
7.638886,20.793703,-36.909912
7.7517653,20.83658,-36.879314
7.7630534,20.732607,-36.876255
7.8186564,20.830471,-36.823193
7.9332786,20.894388,-36.65973
7.999215,20.738388,-36.537983
8.005809,20.831049,-36.52581
7.8974056,20.894445,-36.630104
7.777503,20.900785,-36.745934
7.547503,20.901419,-36.599358
7.5245028,20.901482,-36.531948
7.5767913,21.00975,-36.31429
7.6366086,21.182968,-36.34517
7.4791684,21.09203,-36.40101
7.6813197,21.082935,-36.406593
7.7560086,21.027895,-36.51267
7.5999417,20.96826,-36.47052
7.6388087,21.070559,-36.466305
7.588222,21.080788,-36.413124
7.746699,20.919418,-36.355053
7.817135,20.849152,-36.243843
7.987715,20.842125,-36.285477
7.7867627,20.679031,-36.3424
7.8756156,20.55446,-36.453606
7.884501,20.542004,-36.25381
7.8853893,20.540758,-36.12832
7.7765303,20.486504,-36.168526
7.602108,20.426945,-36.06703
7.6937284,20.529251,-36.162395
7.7028904,20.593613,-36.06642
7.812754,20.70831,-35.951424
7.714793,20.828041,-35.99268
7.704997,20.785883,-35.996807
7.704017,20.673407,-35.99722
7.812981,20.71629,-35.99726
7.71493,20.666449,-36.05002
7.6505365,20.661463,-36.266212
7.644097,20.606833,-36.393345
7.425443,20.655502,-36.3533
7.5126405,20.66037,-36.349297
2.1488872,25.318817,-32.239902
1.1198875,26.270018,-31.686935
-0.018359432,27.285587,-30.99878
-1.0627033,28.151037,-30.34849
-2.1751332,29.065332,-29.615812
-3.2672493,29.914703,-28.751528
-4.5638995,30.619911,-28.011414
-5.4733653,30.837261,-27.885332
-5.207714,31.087534,-27.568884
-5.1423535,31.163486,-27.360085
-5.4433203,31.214342,-27.30121
-5.5025992,31.087248,-27.256184
-5.550641,31.069616,-27.318285
-5.446498,30.95959,-27.166224
-5.436084,30.786085,-27.203775
-5.380568,30.822863,-27.102015
-5.3750167,30.718279,-27.039082
-5.374461,30.70782,-27.085432
-5.319932,30.760908,-27.090067
-5.205531,30.92872,-27.09053
-5.3576274,30.891373,-27.248734
-5.2638893,30.941767,-27.42271
-5.1454535,30.784414,-27.440107
-5.188083,30.931072,-27.494606
-5.301409,30.837477,-27.447298
-5.367215,30.936378,-27.495325
-5.373796,30.838009,-27.44737
-5.4289274,30.774038,-27.495333
-5.379967,30.821774,-27.658401
-5.375071,30.826548,-27.674707
-5.319993,30.827024,-27.72898
-5.4234333,30.664566,-27.628893
-5.2157674,30.756582,-27.40797
-5.3585362,30.657522,-27.280363
-5.481876,30.755877,-27.32036
-5.330788,30.765713,-27.32436
-5.206617,30.874956,-27.21936
-5.303148,30.77762,-27.314373
-5.312801,30.876146,-27.271118
-5.2048182,30.77774,-27.266792
-5.357556,30.82203,-27.160845
-5.37283,30.93472,-27.255766
-5.374357,30.891857,-27.1071
-5.4289837,31.050077,-27.197746
-5.543394,30.957638,-27.36497
-5.500247,31.056656,-27.32905
-5.495932,30.958296,-27.325457
-5.658922,30.89433,-27.377855
-5.6752214,30.942062,-27.488495
-5.5679035,30.946836,-27.341286
-5.448224,30.947313,-27.379324
-5.5452037,31.001493,-27.277727
-5.3368917,30.95278,-27.21481
-5.370535,30.839647,-27.103004
-5.319425,30.882465,-27.302738
-5.25984,30.886747,-27.269955
-5.2538815,30.941305,-27.319433
-5.144338,30.784369,-27.377024
-5.0787954,30.876936,-27.43554
-4.9632936,30.777931,-27.49415
-4.8972692,30.713902,-27.605524
-4.9996147,30.653368,-27.616661
-5.064323,30.701445,-27.617775
-4.9618464,30.92289,-27.67053
-5.0060725,30.945034,-27.78132
-5.0104947,31.05551,-27.845156
-4.9564633,31.012426,-28.009811
-4.9510603,30.953873,-28.026278
-4.8960457,30.948017,-27.975166
-4.9450183,31.109823,-27.970057
-4.8954415,31.126003,-27.916786
-4.944958,31.235884,-27.858704
-4.9499097,31.246872,-27.852894
-4.895931,31.356232,-27.79967
-4.890533,31.313036,-27.847107
-4.998941,31.092081,-28.010122
-5.009782,31.124117,-28.07918
-4.901918,31.019058,-28.086086
-5.0000796,31.062683,-27.823105
-5.064369,31.012915,-27.796806
-5.0163245,31.007938,-27.794176
-5.065994,30.89918,-27.793913
-5.016487,30.834173,-27.846643
-4.9570627,30.881802,-27.746403
-5.005594,30.886564,-27.73638
-5.064921,30.83291,-27.893534
-5.01638,30.93592,-27.751093
-5.0115256,31.000355,-27.631334
-4.9565663,31.061043,-27.513842
-5.1146064,31.067112,-27.502092
-5.075937,31.013586,-27.606318
-5.1265435,30.899973,-27.563984
-5.186078,30.888613,-27.665266
-5.1375575,30.941607,-27.780907
-5.2962418,30.892776,-27.84523
-5.366584,30.833761,-27.904419
-5.264671,30.77373,-27.752066
-5.200005,30.767727,-27.631315
-5.2480125,30.65875,-27.671885
-5.2528133,30.810358,-27.675941
-1.95961,32.84935,-27.430878
-2.0906448,32.49163,-27.23024
-1.7766762,32.94315,-27.790392
-1.2875614,32.890934,-28.067919
-1.1514001,32.71231,-28.032316
-1.1688466,32.849174,-27.983503
-1.1938882,32.81651,-28.023819
-1.3599284,32.993717,-27.922316
-1.3764867,32.89585,-27.954357
-1.318679,32.968777,-27.876974
-1.3724074,32.93673,-27.854837
-1.3777803,32.98766,-27.90538
-1.1603076,33.046883,-28.015835
-1.0839721,33.21531,-28.079636
-1.1854007,33.015514,-27.927744
-1.4135535,33.15793,-27.859798
-1.4908426,33.226414,-27.747604
-1.5531598,33.07076,-27.630985
-1.5593916,33.000946,-27.566566
-1.3420048,32.939835,-27.61288
-1.3202661,33.09623,-27.564754
-1.4816283,33.05774,-27.5073
-1.4431763,33.108017,-27.607069
-1.3848572,33.113045,-27.564287
-1.3790253,33.27594,-27.612768
-1.3239682,33.29223,-27.670372
-1.3184625,33.348103,-27.72889
-1.2088498,33.299564,-27.681984
-1.1978885,33.29471,-27.782694
-1.1967924,33.402596,-27.950922
-1.1966827,33.684155,-28.020504
-1.3056195,33.76644,-28.027462
-1.2620393,33.72054,-27.975399
-0.9851975,33.661816,-27.970192
-1.0121017,33.601818,-27.758759
-1.014792,33.595818,-27.737616
-1.015061,33.378693,-27.577343
-1.178624,33.30285,-27.561316
-1.1403921,33.40353,-27.454199
-1.1910427,33.359463,-27.496244
-1.2506961,33.40919,-27.605963
-1.2020731,33.41416,-27.616936
-1.1972108,33.360527,-27.512518
-1.1967245,33.301033,-27.554832
-1.3602121,33.349216,-27.66458
-1.7035184,33.408165,-27.728197
-1.6832607,33.57645,-27.839958
-1.681235,33.485016,-27.74562
-1.7355063,33.584137,-27.894342
-1.7409334,33.594048,-27.909216
-1.6870022,33.54091,-28.016218
-1.6816092,33.643852,-27.974161
-1.5175338,33.60002,-27.917196
-1.5011263,33.649765,-27.9115
-1.4994855,33.600613,-27.91093
-1.4448475,33.595695,-27.858118
-1.3303216,33.486942,-27.74732
-1.1553328,33.36769,-27.73624
-1.0288863,33.355766,-27.682377
-1.1797776,33.354576,-27.782505
-1.1403929,33.246193,-27.845274
-1.1364545,33.12698,-27.851551
-1.2451228,33.16919,-27.799423
-1.1470419,33.065147,-27.79421
-1.1372339,33.108875,-27.74093
-0.97283137,33.221508,-27.630089
-1.0654533,33.232773,-27.724518
-1.1291894,33.179768,-27.681204
-0.9721414,33.336857,-27.676872
-1.0110248,33.569202,-27.729197
-1.0149132,33.430046,-27.8927
-0.96071374,33.524395,-27.96181
-0.95529383,33.64209,-27.96872
-0.7367419,33.816364,-27.969412
-0.6058245,33.779663,-28.127752
-0.8107427,33.775993,-28.196342
-0.8312345,33.829754,-28.150446
-0.9422314,33.672737,-28.145855
-0.73532116,33.71117,-28.145397
-0.7146301,33.769142,-28.198107
-0.87598264,33.61255,-28.36165
-0.8921179,33.651016,-28.325249
-0.8392576,33.654865,-28.427008
-0.83397156,33.60112,-28.384426
-0.8334429,33.541615,-28.32741
-0.88786393,33.535664,-28.374466
-1.0568421,33.53507,-28.1155
-0.85573,33.58914,-28.24776
-0.8356188,33.648678,-28.3665
-0.8336077,33.654633,-28.48389
-1.0514164,33.601097,-28.442871
-1.0187235,33.595745,-28.491528
-0.9609803,33.757603,-28.390877
-0.84614384,33.719654,-28.539083
-1.1616179,33.87825,-28.395748
-1.2477536,33.83998,-28.434172
-1.2563672,33.83615,-28.3325
-1.3117024,33.83577,-28.269575
-1.0992259,33.998123,-28.42144
-1.2415143,33.906097,-28.225712
-6.5848603,29.630932,-23.489
-7.5237966,29.081488,-22.848816
-8.653037,28.43099,-22.257454
-10.033738,27.759748,-21.58503
-11.529077,27.212088,-21.093782
-12.02365,26.994356,-20.733608
-12.713405,26.855165,-20.514141
-13.225381,26.988533,-20.428335
-13.263533,27.125353,-20.494143
-13.401701,27.151506,-20.521208
-13.42021,27.068636,-20.458113
-13.4510145,27.002098,-20.373066
-13.220292,27.044767,-20.295897
-13.134163,27.255028,-20.24126
-13.0166025,27.330187,-20.183039
-13.004847,27.283571,-20.282616
-12.840135,27.33304,-20.292574
-12.714715,27.446247,-20.240812
-12.702173,27.457567,-20.130236
-12.591971,27.296309,-20.119179
-12.635426,27.171923,-19.959917
-12.694244,27.051222,-19.838476
-12.754601,27.093283,-19.826332
-12.81511,26.98923,-19.930517
-12.984697,26.924692,-19.993578
-13.110603,26.755846,-19.999886
-13.232142,26.630701,-20.053272
-13.244296,26.780579,-19.95321
-13.191037,26.795567,-19.943205
-13.3491335,26.688803,-19.99496
-13.419416,26.678127,-19.94738
-13.480918,26.622929,-19.889978
-13.541543,26.617409,-19.884237
-13.493131,26.725117,-19.936422
-13.597239,26.681759,-19.888998
-13.553175,26.731552,-19.98977
-13.71219,26.790663,-20.052605
-13.56467,26.904835,-20.006245
-13.549918,27.024513,-19.94885
-13.330547,26.928219,-19.943111
-13.30861,26.91859,-19.837137
-13.251943,26.863497,-19.668385
-13.246276,26.912119,-19.862423
-13.191236,26.86285,-19.93447
-13.131257,26.857924,-19.941673
-13.125259,26.8033,-19.889637
-13.070186,26.96023,-19.989834
-13.119152,26.975924,-19.947096
-13.015101,26.92336,-19.99558
-13.059171,26.809845,-20.05307
-12.954629,26.798492,-20.006178
-13.053123,26.851488,-20.05413
-13.008498,26.802658,-20.26984
-12.949562,26.743643,-20.344055
-12.8891945,26.791872,-20.24596
-12.828684,26.904955,-20.394423
-12.986054,26.970396,-20.51467
-12.892844,27.0852,-20.526693
-12.720101,26.98842,-20.527897
-12.702827,27.087002,-20.422503
-12.755573,27.04273,-20.30645
-12.760848,26.821781,-20.294844
-12.761375,26.745554,-20.399084
-12.761428,26.57554,-20.409508
-12.8159075,26.61267,-20.305035
-12.87583,26.616385,-20.294588
-12.936295,26.562624,-20.293543
-12.942342,26.61138,-20.082523
-12.888473,26.39973,-20.008665
-13.046508,26.216175,-20.001278
-13.171259,26.251951,-19.947783
-13.129259,26.363789,-19.942434
-13.070586,26.537363,-19.994656
-13.282614,26.717113,-19.894478
-13.467238,26.735088,-19.937216
-13.5401745,26.899277,-19.94149
-13.656416,26.861567,-20.047432
-13.66804,27.074316,-20.058027
-13.669203,27.149723,-20.006443
-13.723793,27.103132,-20.159443
-13.511356,27.369127,-20.174744
-13.599061,27.449856,-20.12363
-13.716779,27.4038,-20.065874
-13.674076,27.345064,-20.112858
-13.615333,27.285059,-20.117556
-13.50051,27.333189,-20.118027
-13.325606,27.392132,-20.065315
-13.308116,27.398027,-20.165558
-13.142945,27.506878,-20.175583
-13.017481,27.355371,-20.229342
-12.841513,27.39435,-20.340118
-12.8239155,27.45238,-20.298439
-12.87663,27.349922,-20.347027
-12.609531,27.447935,-20.351887
-12.473874,27.295345,-20.51053
-12.569256,27.171825,-20.473637
-12.633268,27.105343,-20.259035
-12.694143,26.990435,-20.342974
-12.809178,26.978943,-20.298609
-12.820683,26.977795,-20.241417
-6.9716215,30.569983,-25.762442
-6.3219333,31.200537,-26.564777
-5.5229406,31.804098,-27.500458
-4.644358,32.398438,-28.469612
-3.8727152,32.91552,-29.500252
-3.2878911,33.52799,-30.475355
-3.9871218,34.135002,-30.86984
-4.1407013,34.336124,-31.135424
-4.1763153,34.25381,-31.209246
-4.1489778,34.37421,-31.220404
-4.1151156,34.334866,-31.314447
-4.0802584,34.26822,-31.29753
-4.1164837,34.235577,-31.181969
-4.104428,34.200497,-31.243883
-4.21217,34.196987,-31.197319
-4.277418,34.088375,-31.139904
-4.3384166,34.023384,-31.028648
-4.3445168,33.908627,-30.859365
-4.3451266,33.843018,-30.842436
-4.181766,33.836456,-30.893501
-4.16543,33.88993,-30.79321
-4.272744,33.62463,-30.888693
-4.2834754,33.706356,-30.845484
-4.230075,33.822792,-30.999435
-4.170261,33.888565,-31.172987
-4.1098056,33.786884,-31.137585
-4.212822,33.830845,-31.186802
-4.16865,33.99763,-31.138968
-4.1097593,34.23083,-31.028784
-4.2128177,34.145893,-31.175922
-4.1686497,34.24566,-31.190636
-4.3276544,34.363895,-31.086594
-4.343555,34.213215,-31.076189
-4.3996186,34.198147,-30.91699
-4.3507514,34.19664,-30.953829
-4.400338,34.142357,-30.746597
-4.405297,34.0828,-30.567719
-4.514741,34.130974,-30.54983
-4.362149,34.189922,-30.389883
-4.34689,34.195816,-30.53216
-4.399838,34.142273,-30.546387
-4.1872373,34.299313,-30.495052
-4.2204514,34.152626,-30.437277
-4.060351,34.029697,-30.4315
-4.044341,34.3423,-30.641836
-3.879318,34.53595,-30.66287
-3.808342,34.50119,-30.559458
-3.8557181,34.55184,-30.549116
-3.751508,34.502777,-30.706242
-3.686613,34.660263,-30.721954
-3.571176,34.56775,-30.723526
-3.723054,34.61263,-30.512768
-3.57482,34.617115,-30.544334
-3.5599966,34.617565,-30.653004
-3.4495666,34.563477,-30.769272
-3.6019452,34.666332,-30.728256
-3.6171832,34.568356,-30.565884
-3.618707,34.66682,-30.655046
-3.727807,34.839058,-30.822235
-3.738717,34.85628,-30.891594
-3.794282,35.020397,-30.79313
-3.6908906,35.036808,-30.730528
-3.7894993,35.14671,-30.724268
-3.7993603,35.04944,-30.72364
-3.8003464,35.03971,-30.72358
-3.9093926,34.984608,-30.670816
-3.9202971,35.03323,-30.612782
-3.8669138,34.92983,-30.65962
-3.9160492,34.86536,-30.875334
-3.7029529,34.75065,-30.791504
-3.6271694,34.414394,-30.62485
-3.5651171,34.380768,-30.608185
-3.449964,34.377407,-30.711918
-3.4384487,34.431202,-30.77505
-3.3283496,34.38245,-30.834005
-3.208392,34.32345,-30.892544
-3.3598177,34.425808,-31.003912
-3.2660124,34.490173,-30.962292
-3.3655798,34.60487,-31.010887
-3.4844844,34.56221,-31.12126
-3.3329532,34.55794,-30.974026
-3.5902839,34.503387,-31.011946
-3.7249646,34.71445,-31.068495
-3.8473804,34.68143,-31.07415
-3.9140959,34.732258,-31.127474
-3.9207675,34.574947,-31.132805
-3.9759085,34.50509,-31.186096
-4.09037,34.498104,-31.086025
-4.047343,34.497402,-30.970503
-4.206462,34.443203,-30.85355
-4.2768474,34.32952,-30.841854
-4.174938,34.426414,-30.629772
-4.273695,34.54436,-30.608564
-4.1746225,34.66442,-30.553799
-4.110242,34.568165,-30.390165
-4.0493298,34.50441,-30.32116
-4.1521864,34.28151,-30.156101
-4.216946,34.36748,-30.034197
-4.223422,34.37608,-29.969248
-4.060648,34.43107,-29.962751
-18.788288,32.404396,-15.263878
-20.590034,32.402386,-13.495306
-22.540266,32.452885,-11.415297
-24.40544,32.689106,-9.889737
-25.416618,33.346844,-8.70664
-25.847097,33.61449,-8.432805
-25.961899,33.599144,-8.473286
-26.171705,33.44975,-8.532951
-26.268904,33.321743,-8.59179
-26.209387,33.24291,-8.524202
-26.094486,33.235027,-8.464686
-26.028524,33.234238,-8.4587345
-26.239937,33.234158,-8.616298
-25.988596,33.28828,-8.5794115
-25.96346,33.13119,-8.7339945
-25.852,33.061348,-8.802095
-25.949802,33.054363,-8.808906
-25.79616,33.2703,-8.862228
-25.72632,33.237766,-8.814804
-25.719337,33.288643,-8.757419
-25.827587,33.347862,-8.75168
-25.729351,33.51618,-8.803864
-25.665052,33.53301,-8.861839
-25.604149,33.588818,-8.814879
-25.543585,33.54027,-8.652026
-25.755539,33.481285,-8.63574
-25.72226,33.746155,-8.68687
-25.664457,33.82677,-8.691982
-25.604204,33.780704,-8.692493
-25.598179,33.830227,-8.692545
-25.597576,33.94344,-8.850708
-25.706463,33.95476,-8.8137665
-25.662878,33.955894,-8.704672
-25.713108,33.95601,-8.693763
-25.881552,33.95602,-8.798072
-25.898397,33.90189,-8.913903
-25.954556,33.842342,-8.978128
-25.905697,33.99878,-9.037194
-25.955284,33.960297,-8.990344
-26.014719,33.848183,-8.933016
-25.911715,33.945236,-8.927283
-25.955887,33.95494,-8.92671
-26.014778,33.955914,-8.821253
-25.91172,33.95601,-8.916107
-25.737877,33.95602,-8.925592
-25.720493,33.95602,-8.979183
-25.664282,33.90189,-8.826385
-25.767609,33.842342,-8.652948
-25.61452,33.890522,-8.582961
-25.653685,33.73295,-8.575962
-25.603127,33.71719,-8.575262
-25.59807,33.715614,-8.627836
-25.652039,33.661324,-8.68585
-25.711908,33.710026,-8.586251
-25.500002,33.660767,-8.418019
-25.369862,33.655838,-8.348554
-25.520384,33.54709,-8.447007
-25.644384,33.48208,-8.351453
-25.765732,33.529713,-8.394655
-25.832342,33.588608,-8.504489
-25.947948,33.702755,-8.462715
-26.013985,33.87656,-8.511295
-25.966114,33.83981,-8.568911
-26.070274,33.78201,-8.469273
-26.135164,33.884487,-8.406551
-26.032707,33.840603,-8.505679
-25.967873,33.998608,-8.7792635
-25.96139,34.12267,-8.859264
-25.960741,34.13508,-8.920022
-25.742666,34.082188,-9.031498
-25.502962,33.968636,-9.095288
-25.315569,34.01141,-9.04891
-25.405779,34.015686,-9.09703
-25.305851,33.961987,-9.154599
-25.295858,33.956615,-9.160356
-25.185913,34.118473,-9.319089
-25.174917,34.080524,-9.5458765
-25.282764,33.96847,-9.463156
-25.402613,33.849003,-9.454884
-25.469072,33.674664,-9.401414
-25.475718,33.819622,-9.185151
-25.585443,33.834118,-9.216283
-25.705364,33.94383,-9.219396
-25.662884,33.9548,-9.325108
-25.495213,33.847633,-9.177406
-25.641869,33.78279,-9.057122
-25.656534,33.884567,-9.045094
-25.712473,33.732353,-8.938491
-25.718067,33.71713,-8.664159
-25.609678,33.823868,-8.7421255
-25.544367,33.88867,-8.644523
-25.592308,33.949287,-8.687405
-25.651577,33.847084,-8.744451
-25.820927,33.890995,-8.591997
-25.783386,33.787125,-8.62951
-25.88858,33.722607,-8.527861
-25.8991,33.770287,-8.62321
-25.845678,33.720924,-8.685502
-25.89481,33.607727,-8.691731
-25.681713,33.704666,-8.639597
-5.6084876,28.00213,-12.378709
-1.8126036,26.859356,-12.85431
1.8365617,25.932892,-13.376457
5.5255294,25.028057,-14.008773
9.119256,23.897993,-14.523246
12.773841,22.830435,-15.028909
16.129297,21.850496,-15.369697
17.462425,21.153975,-15.043973
17.93105,20.970568,-14.921222
17.696617,21.1097,-14.973147
17.66024,21.145355,-14.920891
17.694483,21.071903,-14.850548
17.802965,21.080923,-14.898217
17.759338,21.081823,-14.902985
17.591555,20.919523,-14.903461
17.411354,20.903292,-14.745237
17.502281,21.009932,-14.571143
17.456902,21.020596,-14.500976
17.452362,21.075792,-14.546717
17.506382,21.027182,-14.498533
17.293774,20.96819,-14.388201
17.272512,20.90816,-14.3244095
17.16144,20.848026,-14.31803
17.095858,20.842012,-14.475551
17.034826,20.73315,-14.438545
16.97425,20.830526,-14.382087
17.131615,20.840263,-14.323684
17.201824,20.841236,-14.423358
17.154371,20.787203,-14.538839
17.040564,20.7818,-14.497631
17.13813,20.781258,-14.546267
17.256948,20.835337,-14.6038885
17.323305,20.894875,-14.715164
17.275467,20.900827,-14.726292
17.161621,20.955553,-14.780163
17.095648,21.015158,-14.627392
17.08905,21.129377,-14.664872
17.251812,21.08667,-14.826892
17.104668,21.0824,-14.790337
16.980892,20.86545,-14.733925
17.07746,20.897884,-14.78104
17.141705,20.95526,-14.732995
17.093657,20.960997,-14.569919
17.143326,20.96157,-14.500854
17.366302,20.961628,-14.652104
17.3886,20.907503,-14.66723
17.554365,20.95622,-14.7214985
17.62553,20.906961,-14.779683
17.578175,20.847906,-14.732744
17.410017,20.95026,-14.622536
17.338614,20.960497,-14.664272
17.440535,21.12391,-14.562931
17.341778,21.140253,-14.50004
17.386377,21.141888,-14.70478
17.336363,21.03379,-14.725254
17.33136,20.96885,-14.780059
17.276386,21.070618,-14.521868
17.161829,20.918402,-14.443291
17.150372,20.903181,-14.224404
17.2037,20.901659,-14.097001
17.209032,20.901506,-14.137018
17.209566,20.79323,-14.193777
17.20962,20.782402,-14.25221
17.155151,20.727188,-14.363568
17.149704,20.613405,-14.269189
17.14916,20.602028,-14.206994
17.149105,20.709152,-14.200775
17.040152,20.773994,-14.147395
16.811247,20.726349,-14.247572
16.897417,20.775713,-14.363104
16.797089,20.67239,-14.322014
16.787056,20.716188,-14.42342
16.786053,20.774698,-14.328046
16.785952,20.88881,-14.371266
16.731466,21.062613,-14.270074
16.780493,21.079992,-14.207197
16.73092,21.13586,-14.20091
16.616901,20.979057,-14.147523
16.6055,21.017508,-14.142184
16.713308,21.075483,-14.14165
16.724089,20.973019,-14.0888405
16.888588,21.179296,-14.030802
16.85045,21.199923,-14.28867
16.737574,21.256115,-14.208942
16.889708,21.261736,-14.253726
17.013868,21.262297,-14.258204
17.135345,21.099962,-14.258653
17.147493,20.975466,-14.364212
17.257656,21.017149,-14.585796
17.323261,21.075447,-14.660713
17.384295,20.918884,-14.879119
17.281452,20.95736,-14.900959
17.325642,21.069468,-14.955901
17.16664,21.13481,-14.908638
17.205326,21.195475,-14.903912
17.263784,21.093279,-14.903439
17.215157,21.08306,-14.903391
17.101345,20.973776,-14.745114
17.089964,21.07111,-14.782044
17.1433,21.243235,-14.680223
5.206412,27.102192,-20.50708
3.2122917,28.184767,-21.82999
1.4326794,29.267603,-23.069725
-0.4525114,30.403452,-24.194485
-2.4393551,31.599876,-25.414406
-4.2897654,32.655075,-26.59074
-6.0116334,33.559162,-27.710876
-6.240583,33.906605,-28.207527
-5.990994,34.118046,-28.369343
-5.8127985,34.196182,-28.346386
-5.8413277,34.266937,-28.378538
-5.937336,34.306515,-28.41025
-5.9211874,34.261723,-28.435621
-5.9741607,34.25724,-28.279886
-5.9794583,34.202663,-28.264313
-5.979988,34.143078,-28.262756
-5.8709784,34.13712,-28.157087
-6.0236135,33.974014,-28.041004
-6.0934653,33.957703,-28.082153
-6.263987,33.95607,-28.086267
-6.1719766,34.06417,-27.981167
-6.3263116,34.02085,-28.023413
-6.2872715,33.854126,-28.027637
-6.2833676,33.891586,-28.028059
-6.2285028,34.003593,-27.922586
-6.2230163,34.12305,-27.912039
-6.276942,34.18913,-27.858229
-6.3913965,34.24987,-27.80009
-6.457316,34.09355,-27.741518
-6.4639077,34.186295,-27.63026
-6.573515,34.14144,-27.566378
-6.4209394,34.245213,-27.55999
-6.569218,34.14733,-27.506594
-6.366036,34.19167,-27.606768
-6.2366557,34.304367,-27.616785
-6.114655,34.261505,-27.512274
-6.320465,34.25722,-27.501823
-6.39552,34.148533,-27.553535
-6.457614,34.137665,-27.558706
-6.354761,34.136578,-27.559223
-6.453538,34.02809,-27.559275
-6.2998796,34.071373,-27.717436
-6.1755657,34.075703,-27.733253
-6.217723,34.076134,-27.84035
-6.0584025,34.184437,-27.956573
-6.2604804,34.141136,-27.809925
-6.335162,34.08268,-27.742502
-6.3971043,34.0227,-27.73576
-6.2943506,33.96257,-27.893356
-6.338549,34.01069,-27.803602
-6.342969,34.12376,-27.794628
-6.343411,34.1892,-27.846487
-6.2889814,34.35825,-27.957188
-6.1745906,34.483418,-27.915499
-6.1631513,34.495934,-27.911331
-6.107419,34.388924,-27.858158
-6.0473723,34.21583,-27.85284
-5.9323053,34.25265,-28.01058
-6.029861,34.256336,-28.026354
-6.0396166,34.256702,-28.027931
-5.986004,34.20261,-27.869818
-5.9261684,34.1972,-27.95952
-5.8655963,34.088398,-28.021248
-5.859539,33.860996,-28.185692
-5.8589334,33.838253,-28.202137
-6.076883,33.781853,-28.309296
-6.0986776,33.72208,-28.320013
-6.1008573,33.770233,-28.268326
-6.1555495,33.937443,-28.263157
-6.3245544,33.954163,-28.209883
-6.177919,33.955833,-28.099155
-6.217844,34.064262,-28.246355
-6.1128883,34.237495,-28.313831
-5.9388566,34.36308,-28.32058
-5.8669796,34.429768,-28.374012
-5.9143806,34.43644,-28.221085
-5.7555842,34.545364,-28.205791
-5.6851163,34.55626,-28.204262
-5.514534,34.61148,-28.20411
-5.4430013,34.617,-28.151335
-5.435848,34.455162,-28.093302
-5.380659,34.384846,-27.876583
-5.59315,34.323685,-28.065826
-5.505337,34.209305,-27.92648
-5.660092,34.14374,-28.018059
-5.78463,33.974792,-27.921701
-5.7970834,33.957897,-27.964823
-5.7437406,34.1186,-28.021893
-5.8473535,34.08054,-28.080357
-5.857715,34.076733,-27.980688
-6.0222874,34.07635,-28.02348
-6.0387444,34.022182,-28.133272
-6.0949783,34.070896,-28.249767
-5.99154,34.075768,-28.419573
-5.763186,34.130386,-28.489311
-5.7403507,34.189976,-28.390886
-5.792541,34.141808,-28.275528
-5.7431717,34.24525,-28.369507
-5.7382345,34.309727,-28.27339
-5.7923293,34.262043,-28.263779
1.1902614,33.69293,-25.911283
1.7250899,34.04415,-25.607601
2.2144783,34.349926,-25.20816
2.7964828,34.73996,-24.880054
3.296311,35.104897,-24.494192
3.665355,35.425198,-24.126932
1.7558483,36.917038,-23.945782
0.55449873,37.563812,-24.012123
0.17172186,37.77051,-24.225096
0.09350428,37.99683,-24.107233
-0.04466568,38.101173,-24.14832
-0.113071,38.155094,-24.193052
-0.12288699,38.25101,-24.188715
-0.014920844,38.260605,-24.135525
-0.058598105,38.261562,-24.235605
0.0068431296,38.283974,-24.273766
0.067861125,38.17795,-24.277582
0.019489055,38.22148,-24.277964
0.014651848,38.171703,-24.383514
0.23217808,38.004333,-24.183157
0.30840456,37.879337,-23.952206
0.53392273,37.975212,-24.034626
0.8289584,37.930668,-24.042868
0.80398804,37.817955,-24.043692
0.8559649,37.69842,-23.99113
0.697741,37.57821,-23.933119
0.7908663,37.566185,-23.874557
0.8001788,37.510853,-23.815945
0.85558397,37.559452,-23.86284
0.8611245,37.45605,-23.86753
0.80720466,37.55397,-23.656971
0.74722433,37.617893,-23.84683
0.6322786,37.678413,-23.971216
0.4028885,37.4137,-23.930897
0.3799495,37.38723,-23.874107
0.48660335,37.438713,-23.76303
0.49726874,37.44386,-23.804564
0.607283,37.55264,-23.96699
0.67275834,37.617645,-24.088745
0.5703581,37.678276,-23.995522
0.5601181,37.684338,-23.880798
0.6680418,37.793205,-23.974842
0.6243603,37.858223,-23.984245
0.51104444,37.918858,-23.93243
0.6086606,37.92492,-23.927248
0.8363177,37.979656,-24.032244
0.80460954,38.03926,-23.937342
0.7469649,38.15348,-23.927853
0.79567426,38.273167,-23.926903
0.8550191,38.393394,-23.821295
0.91542745,38.297157,-23.810734
0.97594213,38.17927,-23.809679
0.8730459,38.275745,-23.96773
0.6993346,38.33952,-24.036291
0.79091126,38.23764,-24.095905
0.8000689,38.17332,-24.101868
0.90993243,38.004494,-24.207977
0.86644495,38.095875,-23.954916
0.80762225,38.15914,-24.087769
0.91068774,38.16547,-24.153696
0.86652046,38.057842,-24.213047
0.75315595,37.88469,-24.166224
0.63287175,38.029762,-24.003384
0.6753172,38.15253,-24.0925
0.7885095,38.002415,-24.101412
0.7998287,37.825012,-24.102303
0.7464868,37.969666,-23.996992
0.6866787,38.092392,-23.98646
0.6806979,38.212925,-23.774492
0.68009984,38.11672,-23.806053
0.7345139,38.052967,-23.598295
0.5765337,37.830067,-23.683035
0.56073564,37.75365,-23.586107
0.66810364,37.800137,-23.629171
0.6788404,37.696526,-23.738878
0.73438793,37.686165,-23.74985
0.73994267,37.685127,-23.645432
0.79497206,37.739155,-23.424076
0.96389663,37.58217,-23.454582
0.9263152,37.349945,-23.510391
0.65007323,37.32672,-23.726885
0.5135013,37.3244,-23.801178
0.55431795,37.32417,-24.019522
0.72182125,37.486538,-23.883198
0.6840977,37.502773,-23.869566
0.51690376,37.55853,-23.710047
0.50018436,37.618233,-23.746851
0.3350908,37.570076,-23.697775
0.26410753,37.565258,-23.587467
0.4204308,37.510647,-23.681837
0.2726415,37.505184,-23.79679
0.31359532,37.664513,-23.75358
0.5357007,37.626316,-23.538343
0.6668589,37.67663,-23.51682
0.6255009,37.627525,-23.461912
0.45794347,37.622616,-23.403664
0.49566162,37.676258,-23.503239
0.44495952,37.573357,-23.618597
0.38541543,37.6172,-23.524618
0.4339349,37.621582,-23.409819